sim_timestamp,sim_damage_timestamp,sim_name,sim_potency,sim_weight,Auto,Demolish,Dragon Kick,Elixir Burst,Fire's Reply,Leaping Opo,Phantom Rush,Pouncing Coeurl,Rising Phoenix,Rising Raptor,Six-sided Star,The Forbidden Chakra,Twin Snakes,Wind's Reply
500,1790,Dragon Kick,320,1.0,0,0,320,0,0,0,0,0,0,0,0,0,0,0
1790,2322,Auto,90,1.0,90,0,320,0,0,0,0,0,0,0,0,0,0,0
2440,3060,Leaping Opo,460,1.0,90,0,320,0,0,460,0,0,0,0,0,0,0,0
1770,3190,The Forbidden Chakra,400,1.0,90,0,320,0,0,460,0,0,0,0,0,400,0,0
3830,4362,Auto,90,1.0,180,0,320,0,0,460,0,0,0,0,0,400,0,0
4380,5670,Dragon Kick,320,1.0,180,0,640,0,0,460,0,0,0,0,0,400,0,0
5870,6402,Auto,90,1.0,270,0,640,0,0,460,0,0,0,0,0,400,0,0
6320,6940,Leaping Opo,460,1.0,270,0,640,0,0,920,0,0,0,0,0,400,0,0
6940,8360,The Forbidden Chakra,24,0.0623,270,0,640,0,0,920,0,0,0,0,0,424,0,0
7910,8442,Auto,90,1.0,360,0,640,0,0,920,0,0,0,0,0,424,0,0
8930,9462,Auto,90,1.0,450,0,640,0,0,920,0,0,0,0,0,424,0,0
8260,9680,Elixir Burst,900,1.0,450,0,640,900,0,920,0,0,0,0,0,424,0,0
8880,10300,The Forbidden Chakra,258,0.6474,450,0,640,900,0,920,0,0,0,0,0,682,0,0
9950,10482,Auto,90,1.0,540,0,640,900,0,920,0,0,0,0,0,682,0,0
9530,10950,The Forbidden Chakra,19,0.0475,540,0,640,900,0,920,0,0,0,0,0,701,0,0
10200,11490,Dragon Kick,320,1.0,540,0,960,900,0,920,0,0,0,0,0,701,0,0
10970,11502,Auto,90,1.0,630,0,960,900,0,920,0,0,0,0,0,701,0,0
10850,12270,The Forbidden Chakra,158,0.3971,630,0,960,900,0,920,0,0,0,0,0,859,0,0
11990,12522,Auto,90,1.0,720,0,960,900,0,920,0,0,0,0,0,859,0,0
11430,12850,The Forbidden Chakra,32,0.0815,720,0,960,900,0,920,0,0,0,0,0,891,0,0
12141,13341,Wind's Reply,1040,1.0,720,0,960,900,0,920,0,0,0,0,0,891,0,1040
13010,13542,Auto,90,1.0,810,0,960,900,0,920,0,0,0,0,0,891,0,1040
12761,14181,The Forbidden Chakra,150,0.3767,810,0,960,900,0,920,0,0,0,0,0,1041,0,1040
14030,14562,Auto,90,1.0,900,0,960,900,0,920,0,0,0,0,0,1041,0,1040
13411,14831,The Forbidden Chakra,131,0.3296,900,0,960,900,0,920,0,0,0,0,0,1172,0,1040
14081,15501,Fire's Reply,1400,1.0,900,0,960,900,1400,920,0,0,0,0,0,1172,0,1040
15050,15582,Auto,90,1.0,990,0,960,900,1400,920,0,0,0,0,0,1172,0,1040
14731,16151,The Forbidden Chakra,76,0.1907,990,0,960,900,1400,920,0,0,0,0,0,1248,0,1040
16070,16602,Auto,90,1.0,1080,0,960,900,1400,920,0,0,0,0,0,1248,0,1040
16021,16641,Leaping Opo,460,1.0,1080,0,960,900,1400,1380,0,0,0,0,0,1248,0,1040
15311,16731,The Forbidden Chakra,29,0.0749,1080,0,960,900,1400,1380,0,0,0,0,0,1277,0,1040
17090,17622,Auto,90,1.0,1170,0,960,900,1400,1380,0,0,0,0,0,1277,0,1040
18110,18642,Auto,90,1.0,1260,0,960,900,1400,1380,0,0,0,0,0,1277,0,1040
17291,18711,The Forbidden Chakra,328,0.8221,1260,0,960,900,1400,1380,0,0,0,0,0,1605,0,1040
17961,19251,Dragon Kick,320,1.0,1260,0,1280,900,1400,1380,0,0,0,0,0,1605,0,1040
19130,19662,Auto,90,1.0,1350,0,1280,900,1400,1380,0,0,0,0,0,1605,0,1040
18581,20001,The Forbidden Chakra,88,0.2222,1350,0,1280,900,1400,1380,0,0,0,0,0,1693,0,1040
19901,20521,Leaping Opo,460,1.0,1350,0,1280,900,1400,1840,0,0,0,0,0,1693,0,1040
19231,20651,The Forbidden Chakra,63,0.1578,1350,0,1280,900,1400,1840,0,0,0,0,0,1756,0,1040
20150,20682,Auto,90,1.0,1440,0,1280,900,1400,1840,0,0,0,0,0,1756,0,1040
21170,21702,Auto,90,1.0,1530,0,1280,900,1400,1840,0,0,0,0,0,1756,0,1040
20551,21971,The Forbidden Chakra,256,0.6407,1530,0,1280,900,1400,1840,0,0,0,0,0,2012,0,1040
21131,22551,The Forbidden Chakra,48,0.1219,1530,0,1280,900,1400,1840,0,0,0,0,0,2060,0,1040
22190,22722,Auto,90,1.0,1620,0,1280,900,1400,1840,0,0,0,0,0,2060,0,1040
21841,23131,Dragon Kick,320,1.0,1620,0,1600,900,1400,1840,0,0,0,0,0,2060,0,1040
23210,23742,Auto,90,1.0,1710,0,1600,900,1400,1840,0,0,0,0,0,2060,0,1040
22461,23881,The Forbidden Chakra,62,0.1571,1710,0,1600,900,1400,1840,0,0,0,0,0,2122,0,1040
23111,24531,The Forbidden Chakra,32,0.0821,1710,0,1600,900,1400,1840,0,0,0,0,0,2154,0,1040
24230,24762,Auto,90,1.0,1800,0,1600,900,1400,1840,0,0,0,0,0,2154,0,1040
23781,25201,Elixir Burst,900,1.0,1800,0,1600,1800,1400,1840,0,0,0,0,0,2154,0,1040
24431,25851,The Forbidden Chakra,192,0.4808,1800,0,1600,1800,1400,1840,0,0,0,0,0,2346,0,1040
25721,26341,Leaping Opo,460,1.0,1800,0,1600,1800,1400,2300,0,0,0,0,0,2346,0,1040
25011,26431,The Forbidden Chakra,31,0.0782,1800,0,1600,1800,1400,2300,0,0,0,0,0,2377,0,1040
26270,26802,Auto,90,1.0,1890,0,1600,1800,1400,2300,0,0,0,0,0,2377,0,1040
26371,27791,The Forbidden Chakra,174,0.4356,1890,0,1600,1800,1400,2300,0,0,0,0,0,2551,0,1040
27661,28501,Twin Snakes,420,1.0,1890,0,1600,1800,1400,2300,0,0,0,0,0,2551,420,1040
28310,28842,Auto,90,1.0,1980,0,1600,1800,1400,2300,0,0,0,0,0,2551,420,1040
28311,29731,The Forbidden Chakra,23,0.059,1980,0,1600,1800,1400,2300,0,0,0,0,0,2574,420,1040
30350,30882,Auto,90,1.0,2070,0,1600,1800,1400,2300,0,0,0,0,0,2574,420,1040
29601,31201,Demolish,420,1.0,2070,420,1600,1800,1400,2300,0,0,0,0,0,2574,420,1040
30251,31671,The Forbidden Chakra,26,0.0652,2070,420,1600,1800,1400,2300,0,0,0,0,0,2600,420,1040
31542,32832,Dragon Kick,320,1.0,2070,420,1920,1800,1400,2300,0,0,0,0,0,2600,420,1040
32390,32922,Auto,90,1.0,2160,420,1920,1800,1400,2300,0,0,0,0,0,2600,420,1040
32192,33612,The Forbidden Chakra,21,0.0549,2160,420,1920,1800,1400,2300,0,0,0,0,0,2621,420,1040
33482,34372,Rising Raptor,540,1.0,2160,420,1920,1800,1400,2300,0,0,0,540,0,2621,420,1040
34430,34962,Auto,90,1.0,2250,420,1920,1800,1400,2300,0,0,0,540,0,2621,420,1040
34132,35552,The Forbidden Chakra,24,0.0608,2250,420,1920,1800,1400,2300,0,0,0,540,0,2645,420,1040
35422,36442,Pouncing Coeurl,520,1.0,2250,420,1920,1800,1400,2300,0,520,0,540,0,2645,420,1040
36470,37002,Auto,90,1.0,2340,420,1920,1800,1400,2300,0,520,0,540,0,2645,420,1040
36042,37462,The Forbidden Chakra,20,0.0517,2340,420,1920,1800,1400,2300,0,520,0,540,0,2665,420,1040
37362,37982,Leaping Opo,460,1.0,2340,420,1920,1800,1400,2760,0,520,0,540,0,2665,420,1040
38510,39042,Auto,90,1.0,2430,420,1920,1800,1400,2760,0,520,0,540,0,2665,420,1040
38012,39432,The Forbidden Chakra,67,0.169,2430,420,1920,1800,1400,2760,0,520,0,540,0,2732,420,1040
39302,40142,Twin Snakes,420,1.0,2430,420,1920,1800,1400,2760,0,520,0,540,0,2732,840,1040
40550,41082,Auto,90,1.0,2520,420,1920,1800,1400,2760,0,520,0,540,0,2732,840,1040
39952,41372,The Forbidden Chakra,17,0.0447,2520,420,1920,1800,1400,2760,0,520,0,540,0,2749,840,1040
41242,42262,Pouncing Coeurl,520,1.0,2520,420,1920,1800,1400,2760,0,1040,0,540,0,2749,840,1040
42590,43122,Auto,90,1.0,2610,420,1920,1800,1400,2760,0,1040,0,540,0,2749,840,1040
41892,43312,The Forbidden Chakra,20,0.0504,2610,420,1920,1800,1400,2760,0,1040,0,540,0,2769,840,1040
43182,44472,Dragon Kick,320,1.0,2610,420,2240,1800,1400,2760,0,1040,0,540,0,2769,840,1040
44630,45162,Auto,90,1.0,2700,420,2240,1800,1400,2760,0,1040,0,540,0,2769,840,1040
43832,45252,The Forbidden Chakra,20,0.0521,2700,420,2240,1800,1400,2760,0,1040,0,540,0,2789,840,1040
45122,46012,Rising Raptor,540,1.0,2700,420,2240,1800,1400,2760,0,1040,0,1080,0,2789,840,1040
45772,47192,The Forbidden Chakra,22,0.0553,2700,420,2240,1800,1400,2760,0,1040,0,1080,0,2811,840,1040
46670,47202,Auto,90,1.0,2790,420,2240,1800,1400,2760,0,1040,0,1080,0,2811,840,1040
47062,48662,Demolish,420,1.0,2790,840,2240,1800,1400,2760,0,1040,0,1080,0,2811,840,1040
47712,49132,The Forbidden Chakra,21,0.0539,2790,840,2240,1800,1400,2760,0,1040,0,1080,0,2832,840,1040
48710,49242,Auto,90,1.0,2880,840,2240,1800,1400,2760,0,1040,0,1080,0,2832,840,1040
49002,49622,Leaping Opo,460,1.0,2880,840,2240,1800,1400,3220,0,1040,0,1080,0,2832,840,1040
49652,51072,The Forbidden Chakra,81,0.2046,2880,840,2240,1800,1400,3220,0,1040,0,1080,0,2913,840,1040
50750,51282,Auto,90,1.0,2970,840,2240,1800,1400,3220,0,1040,0,1080,0,2913,840,1040
50942,51782,Twin Snakes,420,1.0,2970,840,2240,1800,1400,3220,0,1040,0,1080,0,2913,1260,1040
51592,53012,The Forbidden Chakra,25,0.0639,2970,840,2240,1800,1400,3220,0,1040,0,1080,0,2938,1260,1040
52790,53322,Auto,90,1.0,3060,840,2240,1800,1400,3220,0,1040,0,1080,0,2938,1260,1040
52883,53903,Pouncing Coeurl,520,1.0,3060,840,2240,1800,1400,3220,0,1560,0,1080,0,2938,1260,1040
53533,54953,The Forbidden Chakra,23,0.0593,3060,840,2240,1800,1400,3220,0,1560,0,1080,0,2961,1260,1040
54830,55362,Auto,90,1.0,3150,840,2240,1800,1400,3220,0,1560,0,1080,0,2961,1260,1040
54823,56113,Dragon Kick,320,1.0,3150,840,2560,1800,1400,3220,0,1560,0,1080,0,2961,1260,1040
55473,56893,The Forbidden Chakra,22,0.056,3150,840,2560,1800,1400,3220,0,1560,0,1080,0,2983,1260,1040
56870,57402,Auto,90,1.0,3240,840,2560,1800,1400,3220,0,1560,0,1080,0,2983,1260,1040
56763,57653,Rising Raptor,540,1.0,3240,840,2560,1800,1400,3220,0,1560,0,1620,0,2983,1260,1040
57413,58833,The Forbidden Chakra,21,0.0548,3240,840,2560,1800,1400,3220,0,1560,0,1620,0,3004,1260,1040
58910,59442,Auto,90,1.0,3330,840,2560,1800,1400,3220,0,1560,0,1620,0,3004,1260,1040
58703,59723,Pouncing Coeurl,520,1.0,3330,840,2560,1800,1400,3220,0,2080,0,1620,0,3004,1260,1040
59323,60743,The Forbidden Chakra,23,0.058,3330,840,2560,1800,1400,3220,0,2080,0,1620,0,3027,1260,1040
60643,61263,Leaping Opo,460,1.0,3330,840,2560,1800,1400,3680,0,2080,0,1620,0,3027,1260,1040
60950,61482,Auto,90,1.0,3420,840,2560,1800,1400,3680,0,2080,0,1620,0,3027,1260,1040
61293,62713,The Forbidden Chakra,82,0.2058,3420,840,2560,1800,1400,3680,0,2080,0,1620,0,3109,1260,1040
62583,63423,Twin Snakes,420,1.0,3420,840,2560,1800,1400,3680,0,2080,0,1620,0,3109,1680,1040
62990,63522,Auto,90,1.0,3510,840,2560,1800,1400,3680,0,2080,0,1620,0,3109,1680,1040
63233,64653,The Forbidden Chakra,19,0.0496,3510,840,2560,1800,1400,3680,0,2080,0,1620,0,3128,1680,1040
65030,65562,Auto,90,1.0,3600,840,2560,1800,1400,3680,0,2080,0,1620,0,3128,1680,1040
64522,66122,Demolish,420,1.0,3600,1260,2560,1800,1400,3680,0,2080,0,1620,0,3128,1680,1040
67070,67602,Auto,90,1.0,3690,1260,2560,1800,1400,3680,0,2080,0,1620,0,3128,1680,1040
66463,67753,Dragon Kick,320,1.0,3690,1260,2880,1800,1400,3680,0,2080,0,1620,0,3128,1680,1040
68403,69023,Leaping Opo,460,1.0,3690,1260,2880,1800,1400,4140,0,2080,0,1620,0,3128,1680,1040
67733,69153,The Forbidden Chakra,41,0.1041,3690,1260,2880,1800,1400,4140,0,2080,0,1620,0,3169,1680,1040
69110,69642,Auto,90,1.0,3780,1260,2880,1800,1400,4140,0,2080,0,1620,0,3169,1680,1040
69053,70473,The Forbidden Chakra,80,0.2007,3780,1260,2880,1800,1400,4140,0,2080,0,1620,0,3249,1680,1040
70343,71233,Rising Raptor,540,1.0,3780,1260,2880,1800,1400,4140,0,2080,0,2160,0,3249,1680,1040
71150,71682,Auto,90,1.0,3870,1260,2880,1800,1400,4140,0,2080,0,2160,0,3249,1680,1040
70993,72413,The Forbidden Chakra,22,0.0553,3870,1260,2880,1800,1400,4140,0,2080,0,2160,0,3271,1680,1040
72283,73303,Pouncing Coeurl,520,1.0,3870,1260,2880,1800,1400,4140,0,2600,0,2160,0,3271,1680,1040
73190,73722,Auto,90,1.0,3960,1260,2880,1800,1400,4140,0,2600,0,2160,0,3271,1680,1040
72933,74353,The Forbidden Chakra,22,0.0566,3960,1260,2880,1800,1400,4140,0,2600,0,2160,0,3293,1680,1040
74224,74984,Rising Phoenix,900,1.0,3960,1260,2880,1800,1400,4140,0,2600,900,2160,0,3293,1680,1040
75230,75762,Auto,90,1.0,4050,1260,2880,1800,1400,4140,0,2600,900,2160,0,3293,1680,1040
74874,76294,The Forbidden Chakra,21,0.0535,4050,1260,2880,1800,1400,4140,0,2600,900,2160,0,3314,1680,1040
76164,77454,Dragon Kick,320,1.0,4050,1260,3200,1800,1400,4140,0,2600,900,2160,0,3314,1680,1040
77270,77802,Auto,90,1.0,4140,1260,3200,1800,1400,4140,0,2600,900,2160,0,3314,1680,1040
76814,78234,The Forbidden Chakra,23,0.0586,4140,1260,3200,1800,1400,4140,0,2600,900,2160,0,3337,1680,1040
78104,79524,Fire's Reply,1400,1.0,4140,1260,3200,1800,2800,4140,0,2600,900,2160,0,3337,1680,1040
79310,79842,Auto,90,1.0,4230,1260,3200,1800,2800,4140,0,2600,900,2160,0,3337,1680,1040
78754,80174,The Forbidden Chakra,19,0.0478,4230,1260,3200,1800,2800,4140,0,2600,900,2160,0,3356,1680,1040
80044,80664,Leaping Opo,460,1.0,4230,1260,3200,1800,2800,4600,0,2600,900,2160,0,3356,1680,1040
81350,81882,Auto,90,1.0,4320,1260,3200,1800,2800,4600,0,2600,900,2160,0,3356,1680,1040
80694,82114,The Forbidden Chakra,81,0.203,4320,1260,3200,1800,2800,4600,0,2600,900,2160,0,3437,1680,1040
81984,82824,Twin Snakes,420,1.0,4320,1260,3200,1800,2800,4600,0,2600,900,2160,0,3437,2100,1040
83390,83922,Auto,90,1.0,4410,1260,3200,1800,2800,4600,0,2600,900,2160,0,3437,2100,1040
82634,84054,The Forbidden Chakra,23,0.058,4410,1260,3200,1800,2800,4600,0,2600,900,2160,0,3460,2100,1040
83924,84944,Pouncing Coeurl,520,1.0,4410,1260,3200,1800,2800,4600,0,3120,900,2160,0,3460,2100,1040
85430,85962,Auto,90,1.0,4500,1260,3200,1800,2800,4600,0,3120,900,2160,0,3460,2100,1040
84544,85964,The Forbidden Chakra,23,0.0576,4500,1260,3200,1800,2800,4600,0,3120,900,2160,0,3483,2100,1040
85864,87154,Dragon Kick,320,1.0,4500,1260,3520,1800,2800,4600,0,3120,900,2160,0,3483,2100,1040
86514,87934,The Forbidden Chakra,21,0.0541,4500,1260,3520,1800,2800,4600,0,3120,900,2160,0,3504,2100,1040
87470,88002,Auto,90,1.0,4590,1260,3520,1800,2800,4600,0,3120,900,2160,0,3504,2100,1040
87804,88694,Rising Raptor,540,1.0,4590,1260,3520,1800,2800,4600,0,3120,900,2700,0,3504,2100,1040
88454,89874,The Forbidden Chakra,22,0.0553,4590,1260,3520,1800,2800,4600,0,3120,900,2700,0,3526,2100,1040
89510,90042,Auto,90,1.0,4680,1260,3520,1800,2800,4600,0,3120,900,2700,0,3526,2100,1040
89744,91344,Demolish,420,1.0,4680,1680,3520,1800,2800,4600,0,3120,900,2700,0,3526,2100,1040
90394,91814,The Forbidden Chakra,22,0.0567,4680,1680,3520,1800,2800,4600,0,3120,900,2700,0,3548,2100,1040
91550,92082,Auto,90,1.0,4770,1680,3520,1800,2800,4600,0,3120,900,2700,0,3548,2100,1040
91684,92304,Leaping Opo,460,1.0,4770,1680,3520,1800,2800,5060,0,3120,900,2700,0,3548,2100,1040
92334,93754,The Forbidden Chakra,79,0.1998,4770,1680,3520,1800,2800,5060,0,3120,900,2700,0,3627,2100,1040
93590,94122,Auto,90,1.0,4860,1680,3520,1800,2800,5060,0,3120,900,2700,0,3627,2100,1040
93625,94465,Twin Snakes,420,1.0,4860,1680,3520,1800,2800,5060,0,3120,900,2700,0,3627,2520,1040
94275,95695,The Forbidden Chakra,23,0.0576,4860,1680,3520,1800,2800,5060,0,3120,900,2700,0,3650,2520,1040
95630,96162,Auto,90,1.0,4950,1680,3520,1800,2800,5060,0,3120,900,2700,0,3650,2520,1040
95565,96585,Pouncing Coeurl,520,1.0,4950,1680,3520,1800,2800,5060,0,3640,900,2700,0,3650,2520,1040
96215,97635,The Forbidden Chakra,20,0.0519,4950,1680,3520,1800,2800,5060,0,3640,900,2700,0,3670,2520,1040
97670,98202,Auto,90,1.0,5040,1680,3520,1800,2800,5060,0,3640,900,2700,0,3670,2520,1040
97505,98795,Dragon Kick,320,1.0,5040,1680,3840,1800,2800,5060,0,3640,900,2700,0,3670,2520,1040
98775,100195,The Forbidden Chakra,21,0.0547,5040,1680,3840,1800,2800,5060,0,3640,900,2700,0,3691,2520,1040
99710,100242,Auto,90,1.0,5130,1680,3840,1800,2800,5060,0,3640,900,2700,0,3691,2520,1040
99445,100335,Rising Raptor,540,1.0,5130,1680,3840,1800,2800,5060,0,3640,900,3240,0,3691,2520,1040
100730,101262,Auto,90,1.0,5220,1680,3840,1800,2800,5060,0,3640,900,3240,0,3691,2520,1040
100095,101515,The Forbidden Chakra,22,0.0573,5220,1680,3840,1800,2800,5060,0,3640,900,3240,0,3713,2520,1040
101750,102282,Auto,90,1.0,5310,1680,3840,1800,2800,5060,0,3640,900,3240,0,3713,2520,1040
101385,102405,Pouncing Coeurl,520,1.0,5310,1680,3840,1800,2800,5060,0,4160,900,3240,0,3713,2520,1040
102770,103302,Auto,90,1.0,5400,1680,3840,1800,2800,5060,0,4160,900,3240,0,3713,2520,1040
102035,103455,The Forbidden Chakra,22,0.0554,5400,1680,3840,1800,2800,5060,0,4160,900,3240,0,3735,2520,1040
103790,104322,Auto,90,1.0,5490,1680,3840,1800,2800,5060,0,4160,900,3240,0,3735,2520,1040
103325,104525,Wind's Reply,1040,1.0,5490,1680,3840,1800,2800,5060,0,4160,900,3240,0,3735,2520,2080
104810,105342,Auto,90,1.0,5580,1680,3840,1800,2800,5060,0,4160,900,3240,0,3735,2520,2080
103975,105395,The Forbidden Chakra,22,0.0559,5580,1680,3840,1800,2800,5060,0,4160,900,3240,0,3757,2520,2080
105265,105885,Leaping Opo,460,1.0,5580,1680,3840,1800,2800,5520,0,4160,900,3240,0,3757,2520,2080
105830,106362,Auto,90,1.0,5670,1680,3840,1800,2800,5520,0,4160,900,3240,0,3757,2520,2080
105915,107335,The Forbidden Chakra,79,0.1978,5670,1680,3840,1800,2800,5520,0,4160,900,3240,0,3836,2520,2080
106850,107382,Auto,90,1.0,5760,1680,3840,1800,2800,5520,0,4160,900,3240,0,3836,2520,2080
107205,108045,Twin Snakes,420,1.0,5760,1680,3840,1800,2800,5520,0,4160,900,3240,0,3836,2940,2080
107870,108402,Auto,90,1.0,5850,1680,3840,1800,2800,5520,0,4160,900,3240,0,3836,2940,2080
107855,109275,The Forbidden Chakra,23,0.0581,5850,1680,3840,1800,2800,5520,0,4160,900,3240,0,3859,2940,2080
108890,109422,Auto,90,1.0,5940,1680,3840,1800,2800,5520,0,4160,900,3240,0,3859,2940,2080
109910,110442,Auto,90,1.0,6030,1680,3840,1800,2800,5520,0,4160,900,3240,0,3859,2940,2080
109145,110745,Demolish,420,1.0,6030,2100,3840,1800,2800,5520,0,4160,900,3240,0,3859,2940,2080
109765,111185,The Forbidden Chakra,21,0.0538,6030,2100,3840,1800,2800,5520,0,4160,900,3240,0,3880,2940,2080
110930,111462,Auto,90,1.0,6120,2100,3840,1800,2800,5520,0,4160,900,3240,0,3880,2940,2080
111085,112375,Dragon Kick,320,1.0,6120,2100,4160,1800,2800,5520,0,4160,900,3240,0,3880,2940,2080
111950,112482,Auto,90,1.0,6210,2100,4160,1800,2800,5520,0,4160,900,3240,0,3880,2940,2080
111735,113155,The Forbidden Chakra,24,0.0607,6210,2100,4160,1800,2800,5520,0,4160,900,3240,0,3904,2940,2080
112970,113502,Auto,90,1.0,6300,2100,4160,1800,2800,5520,0,4160,900,3240,0,3904,2940,2080
113025,113915,Rising Raptor,540,1.0,6300,2100,4160,1800,2800,5520,0,4160,900,3780,0,3904,2940,2080
113990,114522,Auto,90,1.0,6390,2100,4160,1800,2800,5520,0,4160,900,3780,0,3904,2940,2080
113675,115095,The Forbidden Chakra,22,0.0567,6390,2100,4160,1800,2800,5520,0,4160,900,3780,0,3926,2940,2080
114966,115986,Pouncing Coeurl,520,1.0,6390,2100,4160,1800,2800,5520,0,4680,900,3780,0,3926,2940,2080
116030,116562,Auto,90,1.0,6480,2100,4160,1800,2800,5520,0,4680,900,3780,0,3926,2940,2080
115616,117036,The Forbidden Chakra,22,0.0561,6480,2100,4160,1800,2800,5520,0,4680,900,3780,0,3948,2940,2080
116906,117526,Leaping Opo,460,1.0,6480,2100,4160,1800,2800,5980,0,4680,900,3780,0,3948,2940,2080
118070,118602,Auto,90,1.0,6570,2100,4160,1800,2800,5980,0,4680,900,3780,0,3948,2940,2080
117556,118976,The Forbidden Chakra,78,0.1965,6570,2100,4160,1800,2800,5980,0,4680,900,3780,0,4026,2940,2080
118846,119686,Twin Snakes,420,1.0,6570,2100,4160,1800,2800,5980,0,4680,900,3780,0,4026,3360,2080
120110,120642,Auto,90,1.0,6660,2100,4160,1800,2800,5980,0,4680,900,3780,0,4026,3360,2080
119496,120916,The Forbidden Chakra,22,0.0555,6660,2100,4160,1800,2800,5980,0,4680,900,3780,0,4048,3360,2080
120786,121806,Pouncing Coeurl,520,1.0,6660,2100,4160,1800,2800,5980,0,5200,900,3780,0,4048,3360,2080
122150,122682,Auto,90,1.0,6750,2100,4160,1800,2800,5980,0,5200,900,3780,0,4048,3360,2080
121436,122856,The Forbidden Chakra,23,0.0587,6750,2100,4160,1800,2800,5980,0,5200,900,3780,0,4071,3360,2080
122726,124016,Dragon Kick,320,1.0,6750,2100,4480,1800,2800,5980,0,5200,900,3780,0,4071,3360,2080
124190,124722,Auto,90,1.0,6840,2100,4480,1800,2800,5980,0,5200,900,3780,0,4071,3360,2080
124666,125286,Leaping Opo,460,1.0,6840,2100,4480,1800,2800,6440,0,5200,900,3780,0,4071,3360,2080
123996,125416,The Forbidden Chakra,25,0.0629,6840,2100,4480,1800,2800,6440,0,5200,900,3780,0,4096,3360,2080
126230,126762,Auto,90,1.0,6930,2100,4480,1800,2800,6440,0,5200,900,3780,0,4096,3360,2080
126606,127896,Dragon Kick,320,1.0,6930,2100,4800,1800,2800,6440,0,5200,900,3780,0,4096,3360,2080
127226,128646,The Forbidden Chakra,127,0.3189,6930,2100,4800,1800,2800,6440,0,5200,900,3780,0,4223,3360,2080
128270,128802,Auto,90,1.0,7020,2100,4800,1800,2800,6440,0,5200,900,3780,0,4223,3360,2080
128545,129165,Leaping Opo,460,1.0,7020,2100,4800,1800,2800,6900,0,5200,900,3780,0,4223,3360,2080
129195,130615,The Forbidden Chakra,322,0.8071,7020,2100,4800,1800,2800,6900,0,5200,900,3780,0,4545,3360,2080
130310,130842,Auto,90,1.0,7110,2100,4800,1800,2800,6900,0,5200,900,3780,0,4545,3360,2080
130485,130885,Phantom Rush,1500,1.0,7110,2100,4800,1800,2800,6900,1500,5200,900,3780,0,4545,3360,2080
129775,131195,The Forbidden Chakra,43,0.1085,7110,2100,4800,1800,2800,6900,1500,5200,900,3780,0,4588,3360,2080
131106,132526,The Forbidden Chakra,161,0.4045,7110,2100,4800,1800,2800,6900,1500,5200,900,3780,0,4749,3360,2080
132350,132882,Auto,90,1.0,7200,2100,4800,1800,2800,6900,1500,5200,900,3780,0,4749,3360,2080
131756,133176,The Forbidden Chakra,32,0.0812,7200,2100,4800,1800,2800,6900,1500,5200,900,3780,0,4781,3360,2080
132426,133716,Dragon Kick,320,1.0,7200,2100,5120,1800,2800,6900,1500,5200,900,3780,0,4781,3360,2080
133076,134496,The Forbidden Chakra,76,0.1922,7200,2100,5120,1800,2800,6900,1500,5200,900,3780,0,4857,3360,2080
134390,134922,Auto,90,1.0,7290,2100,5120,1800,2800,6900,1500,5200,900,3780,0,4857,3360,2080
133656,135076,The Forbidden Chakra,32,0.0814,7290,2100,5120,1800,2800,6900,1500,5200,900,3780,0,4889,3360,2080
134366,135786,Fire's Reply,1400,1.0,7290,2100,5120,1800,4200,6900,1500,5200,900,3780,0,4889,3360,2080
135016,136436,The Forbidden Chakra,176,0.4405,7290,2100,5120,1800,4200,6900,1500,5200,900,3780,0,5065,3360,2080
136307,136927,Leaping Opo,460,1.0,7290,2100,5120,1800,4200,7360,1500,5200,900,3780,0,5065,3360,2080
136430,136962,Auto,90,1.0,7380,2100,5120,1800,4200,7360,1500,5200,900,3780,0,5065,3360,2080
135596,137016,The Forbidden Chakra,14,0.0371,7380,2100,5120,1800,4200,7360,1500,5200,900,3780,0,5079,3360,2080
136927,138347,The Forbidden Chakra,314,0.7867,7380,2100,5120,1800,4200,7360,1500,5200,900,3780,0,5393,3360,2080
138470,139002,Auto,90,1.0,7470,2100,5120,1800,4200,7360,1500,5200,900,3780,0,5393,3360,2080
138247,139537,Dragon Kick,320,1.0,7470,2100,5440,1800,4200,7360,1500,5200,900,3780,0,5393,3360,2080
138867,140287,The Forbidden Chakra,117,0.2932,7470,2100,5440,1800,4200,7360,1500,5200,900,3780,0,5510,3360,2080
140187,140807,Leaping Opo,460,1.0,7470,2100,5440,1800,4200,7820,1500,5200,900,3780,0,5510,3360,2080
139517,140937,The Forbidden Chakra,32,0.0823,7470,2100,5440,1800,4200,7820,1500,5200,900,3780,0,5542,3360,2080
140510,141042,Auto,90,1.0,7560,2100,5440,1800,4200,7820,1500,5200,900,3780,0,5542,3360,2080
140837,142257,The Forbidden Chakra,335,0.8394,7560,2100,5440,1800,4200,7820,1500,5200,900,3780,0,5877,3360,2080
141417,142837,The Forbidden Chakra,15,0.0379,7560,2100,5440,1800,4200,7820,1500,5200,900,3780,0,5892,3360,2080
142550,143082,Auto,90,1.0,7650,2100,5440,1800,4200,7820,1500,5200,900,3780,0,5892,3360,2080
142127,143417,Dragon Kick,320,1.0,7650,2100,5760,1800,4200,7820,1500,5200,900,3780,0,5892,3360,2080
142747,144167,The Forbidden Chakra,83,0.2098,7650,2100,5760,1800,4200,7820,1500,5200,900,3780,0,5975,3360,2080
143397,144817,The Forbidden Chakra,60,0.152,7650,2100,5760,1800,4200,7820,1500,5200,900,3780,0,6035,3360,2080
144590,145122,Auto,90,1.0,7740,2100,5760,1800,4200,7820,1500,5200,900,3780,0,6035,3360,2080
144067,145487,Elixir Burst,900,1.0,7740,2100,5760,2700,4200,7820,1500,5200,900,3780,0,6035,3360,2080
144717,146137,The Forbidden Chakra,127,0.3175,7740,2100,5760,2700,4200,7820,1500,5200,900,3780,0,6162,3360,2080
146007,146627,Leaping Opo,460,1.0,7740,2100,5760,2700,4200,8280,1500,5200,900,3780,0,6162,3360,2080
145297,146717,The Forbidden Chakra,17,0.0448,7740,2100,5760,2700,4200,8280,1500,5200,900,3780,0,6179,3360,2080
146630,147162,Auto,90,1.0,7830,2100,5760,2700,4200,8280,1500,5200,900,3780,0,6179,3360,2080
146657,148077,The Forbidden Chakra,208,0.5214,7830,2100,5760,2700,4200,8280,1500,5200,900,3780,0,6387,3360,2080
147947,148837,Rising Raptor,540,1.0,7830,2100,5760,2700,4200,8280,1500,5200,900,4320,0,6387,3360,2080
148670,149202,Auto,90,1.0,7920,2100,5760,2700,4200,8280,1500,5200,900,4320,0,6387,3360,2080
148567,149987,The Forbidden Chakra,22,0.0574,7920,2100,5760,2700,4200,8280,1500,5200,900,4320,0,6409,3360,2080
150710,151242,Auto,90,1.0,8010,2100,5760,2700,4200,8280,1500,5200,900,4320,0,6409,3360,2080
149887,151487,Demolish,420,1.0,8010,2520,5760,2700,4200,8280,1500,5200,900,4320,0,6409,3360,2080
150537,151957,The Forbidden Chakra,23,0.0577,8010,2520,5760,2700,4200,8280,1500,5200,900,4320,0,6432,3360,2080
151827,153117,Dragon Kick,320,1.0,8010,2520,6080,2700,4200,8280,1500,5200,900,4320,0,6432,3360,2080
152750,153282,Auto,90,1.0,8100,2520,6080,2700,4200,8280,1500,5200,900,4320,0,6432,3360,2080
152477,153897,The Forbidden Chakra,21,0.0525,8100,2520,6080,2700,4200,8280,1500,5200,900,4320,0,6453,3360,2080
153767,154607,Twin Snakes,420,1.0,8100,2520,6080,2700,4200,8280,1500,5200,900,4320,0,6453,3780,2080
154790,155322,Auto,90,1.0,8190,2520,6080,2700,4200,8280,1500,5200,900,4320,0,6453,3780,2080
154417,155837,The Forbidden Chakra,20,0.0509,8190,2520,6080,2700,4200,8280,1500,5200,900,4320,0,6473,3780,2080
155708,156728,Pouncing Coeurl,520,1.0,8190,2520,6080,2700,4200,8280,1500,5720,900,4320,0,6473,3780,2080
156830,157362,Auto,90,1.0,8280,2520,6080,2700,4200,8280,1500,5720,900,4320,0,6473,3780,2080
156358,157778,The Forbidden Chakra,18,0.047,8280,2520,6080,2700,4200,8280,1500,5720,900,4320,0,6491,3780,2080
157648,158268,Leaping Opo,460,1.0,8280,2520,6080,2700,4200,8740,1500,5720,900,4320,0,6491,3780,2080
158870,159402,Auto,90,1.0,8370,2520,6080,2700,4200,8740,1500,5720,900,4320,0,6491,3780,2080
158298,159718,The Forbidden Chakra,57,0.1438,8370,2520,6080,2700,4200,8740,1500,5720,900,4320,0,6548,3780,2080
159588,160478,Rising Raptor,540,1.0,8370,2520,6080,2700,4200,8740,1500,5720,900,4860,0,6548,3780,2080
160910,161442,Auto,90,1.0,8460,2520,6080,2700,4200,8740,1500,5720,900,4860,0,6548,3780,2080
160238,161658,The Forbidden Chakra,17,0.0428,8460,2520,6080,2700,4200,8740,1500,5720,900,4860,0,6565,3780,2080
161528,162548,Pouncing Coeurl,520,1.0,8460,2520,6080,2700,4200,8740,1500,6240,900,4860,0,6565,3780,2080
162950,163482,Auto,90,1.0,8550,2520,6080,2700,4200,8740,1500,6240,900,4860,0,6565,3780,2080
162178,163598,The Forbidden Chakra,19,0.0476,8550,2520,6080,2700,4200,8740,1500,6240,900,4860,0,6584,3780,2080
163468,164758,Dragon Kick,320,1.0,8550,2520,6400,2700,4200,8740,1500,6240,900,4860,0,6584,3780,2080
164990,165522,Auto,90,1.0,8640,2520,6400,2700,4200,8740,1500,6240,900,4860,0,6584,3780,2080
164118,165538,The Forbidden Chakra,21,0.0546,8640,2520,6400,2700,4200,8740,1500,6240,900,4860,0,6605,3780,2080
165408,166248,Twin Snakes,420,1.0,8640,2520,6400,2700,4200,8740,1500,6240,900,4860,0,6605,4200,2080
166058,167478,The Forbidden Chakra,21,0.0543,8640,2520,6400,2700,4200,8740,1500,6240,900,4860,0,6626,4200,2080
167030,167562,Auto,90,1.0,8730,2520,6400,2700,4200,8740,1500,6240,900,4860,0,6626,4200,2080
167348,168948,Demolish,420,1.0,8730,2940,6400,2700,4200,8740,1500,6240,900,4860,0,6626,4200,2080
167998,169418,The Forbidden Chakra,24,0.0609,8730,2940,6400,2700,4200,8740,1500,6240,900,4860,0,6650,4200,2080
169070,169602,Auto,90,1.0,8820,2940,6400,2700,4200,8740,1500,6240,900,4860,0,6650,4200,2080
169288,169908,Leaping Opo,460,1.0,8820,2940,6400,2700,4200,9200,1500,6240,900,4860,0,6650,4200,2080
169938,171358,The Forbidden Chakra,85,0.2136,8820,2940,6400,2700,4200,9200,1500,6240,900,4860,0,6735,4200,2080
171110,171642,Auto,90,1.0,8910,2940,6400,2700,4200,9200,1500,6240,900,4860,0,6735,4200,2080
171228,172118,Rising Raptor,540,1.0,8910,2940,6400,2700,4200,9200,1500,6240,900,5400,0,6735,4200,2080
171878,173298,The Forbidden Chakra,25,0.0638,8910,2940,6400,2700,4200,9200,1500,6240,900,5400,0,6760,4200,2080
173150,173682,Auto,90,1.0,9000,2940,6400,2700,4200,9200,1500,6240,900,5400,0,6760,4200,2080
173168,174188,Pouncing Coeurl,520,1.0,9000,2940,6400,2700,4200,9200,1500,6760,900,5400,0,6760,4200,2080
173818,175238,The Forbidden Chakra,24,0.06,9000,2940,6400,2700,4200,9200,1500,6760,900,5400,0,6784,4200,2080
175190,175722,Auto,90,1.0,9090,2940,6400,2700,4200,9200,1500,6760,900,5400,0,6784,4200,2080
175108,176398,Dragon Kick,320,1.0,9090,2940,6720,2700,4200,9200,1500,6760,900,5400,0,6784,4200,2080
175758,177178,The Forbidden Chakra,24,0.0601,9090,2940,6720,2700,4200,9200,1500,6760,900,5400,0,6808,4200,2080
177230,177762,Auto,90,1.0,9180,2940,6720,2700,4200,9200,1500,6760,900,5400,0,6808,4200,2080
177049,177889,Twin Snakes,420,1.0,9180,2940,6720,2700,4200,9200,1500,6760,900,5400,0,6808,4620,2080
177699,179119,The Forbidden Chakra,22,0.0558,9180,2940,6720,2700,4200,9200,1500,6760,900,5400,0,6830,4620,2080
179270,179802,Auto,90,1.0,9270,2940,6720,2700,4200,9200,1500,6760,900,5400,0,6830,4620,2080
178989,180009,Pouncing Coeurl,520,1.0,9270,2940,6720,2700,4200,9200,1500,7280,900,5400,0,6830,4620,2080
179639,181059,The Forbidden Chakra,22,0.057,9270,2940,6720,2700,4200,9200,1500,7280,900,5400,0,6852,4620,2080
180929,181549,Leaping Opo,460,1.0,9270,2940,6720,2700,4200,9660,1500,7280,900,5400,0,6852,4620,2080
181310,181842,Auto,90,1.0,9360,2940,6720,2700,4200,9660,1500,7280,900,5400,0,6852,4620,2080
181579,182999,The Forbidden Chakra,79,0.1981,9360,2940,6720,2700,4200,9660,1500,7280,900,5400,0,6931,4620,2080
182869,183759,Rising Raptor,540,1.0,9360,2940,6720,2700,4200,9660,1500,7280,900,5940,0,6931,4620,2080
183350,183882,Auto,90,1.0,9450,2940,6720,2700,4200,9660,1500,7280,900,5940,0,6931,4620,2080
183519,184939,The Forbidden Chakra,19,0.0499,9450,2940,6720,2700,4200,9660,1500,7280,900,5940,0,6950,4620,2080
185390,185922,Auto,90,1.0,9540,2940,6720,2700,4200,9660,1500,7280,900,5940,0,6950,4620,2080
184809,186409,Demolish,420,1.0,9540,3360,6720,2700,4200,9660,1500,7280,900,5940,0,6950,4620,2080
187430,187962,Auto,90,1.0,9630,3360,6720,2700,4200,9660,1500,7280,900,5940,0,6950,4620,2080
186749,188039,Dragon Kick,320,1.0,9630,3360,7040,2700,4200,9660,1500,7280,900,5940,0,6950,4620,2080
187369,188789,The Forbidden Chakra,42,0.1057,9630,3360,7040,2700,4200,9660,1500,7280,900,5940,0,6992,4620,2080
189470,190002,Auto,90,1.0,9720,3360,7040,2700,4200,9660,1500,7280,900,5940,0,6992,4620,2080
188689,190109,Fire's Reply,1400,1.0,9720,3360,7040,2700,5600,9660,1500,7280,900,5940,0,6992,4620,2080
190490,191022,Auto,90,1.0,9810,3360,7040,2700,5600,9660,1500,7280,900,5940,0,6992,4620,2080
189959,191379,The Forbidden Chakra,21,0.0547,9810,3360,7040,2700,5600,9660,1500,7280,900,5940,0,7013,4620,2080
190629,191829,Wind's Reply,1040,1.0,9810,3360,7040,2700,5600,9660,1500,7280,900,5940,0,7013,4620,3120
191510,192042,Auto,90,1.0,9900,3360,7040,2700,5600,9660,1500,7280,900,5940,0,7013,4620,3120
191279,192699,The Forbidden Chakra,21,0.0547,9900,3360,7040,2700,5600,9660,1500,7280,900,5940,0,7034,4620,3120
192530,193062,Auto,90,1.0,9990,3360,7040,2700,5600,9660,1500,7280,900,5940,0,7034,4620,3120
192569,193189,Leaping Opo,460,1.0,9990,3360,7040,2700,5600,10120,1500,7280,900,5940,0,7034,4620,3120
193550,194082,Auto,90,1.0,10080,3360,7040,2700,5600,10120,1500,7280,900,5940,0,7034,4620,3120
194570,195102,Auto,90,1.0,10170,3360,7040,2700,5600,10120,1500,7280,900,5940,0,7034,4620,3120
193839,195259,The Forbidden Chakra,80,0.2,10170,3360,7040,2700,5600,10120,1500,7280,900,5940,0,7114,4620,3120
194509,195799,Dragon Kick,320,1.0,10170,3360,7360,2700,5600,10120,1500,7280,900,5940,0,7114,4620,3120
195590,196122,Auto,90,1.0,10260,3360,7360,2700,5600,10120,1500,7280,900,5940,0,7114,4620,3120
195159,196579,The Forbidden Chakra,22,0.0551,10260,3360,7360,2700,5600,10120,1500,7280,900,5940,0,7136,4620,3120
196610,197142,Auto,90,1.0,10350,3360,7360,2700,5600,10120,1500,7280,900,5940,0,7136,4620,3120
196449,197289,Twin Snakes,420,1.0,10350,3360,7360,2700,5600,10120,1500,7280,900,5940,0,7136,5040,3120
197630,198162,Auto,90,1.0,10440,3360,7360,2700,5600,10120,1500,7280,900,5940,0,7136,5040,3120
197099,198519,The Forbidden Chakra,20,0.052,10440,3360,7360,2700,5600,10120,1500,7280,900,5940,0,7156,5040,3120
198650,199182,Auto,90,1.0,10530,3360,7360,2700,5600,10120,1500,7280,900,5940,0,7156,5040,3120
198390,199410,Pouncing Coeurl,520,1.0,10530,3360,7360,2700,5600,10120,1500,7800,900,5940,0,7156,5040,3120
199670,200202,Auto,90,1.0,10620,3360,7360,2700,5600,10120,1500,7800,900,5940,0,7156,5040,3120
199040,200460,The Forbidden Chakra,21,0.0542,10620,3360,7360,2700,5600,10120,1500,7800,900,5940,0,7177,5040,3120
200330,201090,Rising Phoenix,900,1.0,10620,3360,7360,2700,5600,10120,1500,7800,1800,5940,0,7177,5040,3120
200690,201222,Auto,90,1.0,10710,3360,7360,2700,5600,10120,1500,7800,1800,5940,0,7177,5040,3120
201710,202242,Auto,90,1.0,10800,3360,7360,2700,5600,10120,1500,7800,1800,5940,0,7177,5040,3120
200980,202400,The Forbidden Chakra,24,0.0621,10800,3360,7360,2700,5600,10120,1500,7800,1800,5940,0,7201,5040,3120
202270,202890,Leaping Opo,460,1.0,10800,3360,7360,2700,5600,10580,1500,7800,1800,5940,0,7201,5040,3120
202730,203262,Auto,90,1.0,10890,3360,7360,2700,5600,10580,1500,7800,1800,5940,0,7201,5040,3120
203750,204282,Auto,90,1.0,10980,3360,7360,2700,5600,10580,1500,7800,1800,5940,0,7201,5040,3120
202890,204310,The Forbidden Chakra,80,0.2006,10980,3360,7360,2700,5600,10580,1500,7800,1800,5940,0,7281,5040,3120
204210,205100,Rising Raptor,540,1.0,10980,3360,7360,2700,5600,10580,1500,7800,1800,6480,0,7281,5040,3120
204770,205302,Auto,90,1.0,11070,3360,7360,2700,5600,10580,1500,7800,1800,6480,0,7281,5040,3120
204860,206280,The Forbidden Chakra,23,0.0593,11070,3360,7360,2700,5600,10580,1500,7800,1800,6480,0,7304,5040,3120
205790,206322,Auto,90,1.0,11160,3360,7360,2700,5600,10580,1500,7800,1800,6480,0,7304,5040,3120
206150,207170,Pouncing Coeurl,520,1.0,11160,3360,7360,2700,5600,10580,1500,8320,1800,6480,0,7304,5040,3120
206800,208220,The Forbidden Chakra,20,0.0521,11160,3360,7360,2700,5600,10580,1500,8320,1800,6480,0,7324,5040,3120
207830,208362,Auto,90,1.0,11250,3360,7360,2700,5600,10580,1500,8320,1800,6480,0,7324,5040,3120
208090,209380,Dragon Kick,320,1.0,11250,3360,7680,2700,5600,10580,1500,8320,1800,6480,0,7324,5040,3120
208740,210160,The Forbidden Chakra,22,0.0555,11250,3360,7680,2700,5600,10580,1500,8320,1800,6480,0,7346,5040,3120
209870,210402,Auto,90,1.0,11340,3360,7680,2700,5600,10580,1500,8320,1800,6480,0,7346,5040,3120
210030,210870,Twin Snakes,420,1.0,11340,3360,7680,2700,5600,10580,1500,8320,1800,6480,0,7346,5460,3120
210680,212100,The Forbidden Chakra,23,0.0584,11340,3360,7680,2700,5600,10580,1500,8320,1800,6480,0,7369,5460,3120
211910,212442,Auto,90,1.0,11430,3360,7680,2700,5600,10580,1500,8320,1800,6480,0,7369,5460,3120
211970,213570,Demolish,420,1.0,11430,3780,7680,2700,5600,10580,1500,8320,1800,6480,0,7369,5460,3120
212620,214040,The Forbidden Chakra,23,0.0579,11430,3780,7680,2700,5600,10580,1500,8320,1800,6480,0,7392,5460,3120
213950,214482,Auto,90,1.0,11520,3780,7680,2700,5600,10580,1500,8320,1800,6480,0,7392,5460,3120
213910,214530,Leaping Opo,460,1.0,11520,3780,7680,2700,5600,11040,1500,8320,1800,6480,0,7392,5460,3120
214560,215980,The Forbidden Chakra,79,0.198,11520,3780,7680,2700,5600,11040,1500,8320,1800,6480,0,7471,5460,3120
215990,216522,Auto,90,1.0,11610,3780,7680,2700,5600,11040,1500,8320,1800,6480,0,7471,5460,3120
215850,216740,Rising Raptor,540,1.0,11610,3780,7680,2700,5600,11040,1500,8320,1800,7020,0,7471,5460,3120
216500,217920,The Forbidden Chakra,22,0.055,11610,3780,7680,2700,5600,11040,1500,8320,1800,7020,0,7493,5460,3120
218030,218562,Auto,90,1.0,11700,3780,7680,2700,5600,11040,1500,8320,1800,7020,0,7493,5460,3120
217791,218811,Pouncing Coeurl,520,1.0,11700,3780,7680,2700,5600,11040,1500,8840,1800,7020,0,7493,5460,3120
218441,219861,The Forbidden Chakra,23,0.0588,11700,3780,7680,2700,5600,11040,1500,8840,1800,7020,0,7516,5460,3120
220070,220602,Auto,90,1.0,11790,3780,7680,2700,5600,11040,1500,8840,1800,7020,0,7516,5460,3120
219731,221021,Dragon Kick,320,1.0,11790,3780,8000,2700,5600,11040,1500,8840,1800,7020,0,7516,5460,3120
220351,221771,The Forbidden Chakra,23,0.058,11790,3780,8000,2700,5600,11040,1500,8840,1800,7020,0,7539,5460,3120
221671,222511,Twin Snakes,420,1.0,11790,3780,8000,2700,5600,11040,1500,8840,1800,7020,0,7539,5880,3120
222110,222642,Auto,90,1.0,11880,3780,8000,2700,5600,11040,1500,8840,1800,7020,0,7539,5880,3120
222321,223741,The Forbidden Chakra,21,0.0544,11880,3780,8000,2700,5600,11040,1500,8840,1800,7020,0,7560,5880,3120
223611,224631,Pouncing Coeurl,520,1.0,11880,3780,8000,2700,5600,11040,1500,9360,1800,7020,0,7560,5880,3120
224150,224682,Auto,90,1.0,11970,3780,8000,2700,5600,11040,1500,9360,1800,7020,0,7560,5880,3120
224261,225681,The Forbidden Chakra,23,0.0579,11970,3780,8000,2700,5600,11040,1500,9360,1800,7020,0,7583,5880,3120
225551,226171,Leaping Opo,460,1.0,11970,3780,8000,2700,5600,11500,1500,9360,1800,7020,0,7583,5880,3120
226190,226722,Auto,90,1.0,12060,3780,8000,2700,5600,11500,1500,9360,1800,7020,0,7583,5880,3120
226201,227621,The Forbidden Chakra,79,0.1996,12060,3780,8000,2700,5600,11500,1500,9360,1800,7020,0,7662,5880,3120
227491,228381,Rising Raptor,540,1.0,12060,3780,8000,2700,5600,11500,1500,9360,1800,7560,0,7662,5880,3120
228230,228762,Auto,90,1.0,12150,3780,8000,2700,5600,11500,1500,9360,1800,7560,0,7662,5880,3120
228141,229561,The Forbidden Chakra,21,0.0528,12150,3780,8000,2700,5600,11500,1500,9360,1800,7560,0,7683,5880,3120
230270,230802,Auto,90,1.0,12240,3780,8000,2700,5600,11500,1500,9360,1800,7560,0,7683,5880,3120
229431,231031,Demolish,420,1.0,12240,4200,8000,2700,5600,11500,1500,9360,1800,7560,0,7683,5880,3120
230081,231501,The Forbidden Chakra,21,0.0545,12240,4200,8000,2700,5600,11500,1500,9360,1800,7560,0,7704,5880,3120
231371,232661,Dragon Kick,320,1.0,12240,4200,8320,2700,5600,11500,1500,9360,1800,7560,0,7704,5880,3120
232310,232842,Auto,90,1.0,12330,4200,8320,2700,5600,11500,1500,9360,1800,7560,0,7704,5880,3120
232021,233441,The Forbidden Chakra,21,0.0531,12330,4200,8320,2700,5600,11500,1500,9360,1800,7560,0,7725,5880,3120
233311,234151,Twin Snakes,420,1.0,12330,4200,8320,2700,5600,11500,1500,9360,1800,7560,0,7725,6300,3120
234350,234882,Auto,90,1.0,12420,4200,8320,2700,5600,11500,1500,9360,1800,7560,0,7725,6300,3120
233961,235381,The Forbidden Chakra,22,0.0551,12420,4200,8320,2700,5600,11500,1500,9360,1800,7560,0,7747,6300,3120
235251,236271,Pouncing Coeurl,520,1.0,12420,4200,8320,2700,5600,11500,1500,9880,1800,7560,0,7747,6300,3120
236390,236922,Auto,90,1.0,12510,4200,8320,2700,5600,11500,1500,9880,1800,7560,0,7747,6300,3120
235901,237321,The Forbidden Chakra,22,0.0573,12510,4200,8320,2700,5600,11500,1500,9880,1800,7560,0,7769,6300,3120
237191,237811,Leaping Opo,460,1.0,12510,4200,8320,2700,5600,11960,1500,9880,1800,7560,0,7769,6300,3120
238430,238962,Auto,90,1.0,12600,4200,8320,2700,5600,11960,1500,9880,1800,7560,0,7769,6300,3120
237841,239261,The Forbidden Chakra,80,0.2014,12600,4200,8320,2700,5600,11960,1500,9880,1800,7560,0,7849,6300,3120
239132,240022,Rising Raptor,540,1.0,12600,4200,8320,2700,5600,11960,1500,9880,1800,8100,0,7849,6300,3120
240470,241002,Auto,90,1.0,12690,4200,8320,2700,5600,11960,1500,9880,1800,8100,0,7849,6300,3120
239782,241202,The Forbidden Chakra,23,0.0582,12690,4200,8320,2700,5600,11960,1500,9880,1800,8100,0,7872,6300,3120
241072,242092,Pouncing Coeurl,520,1.0,12690,4200,8320,2700,5600,11960,1500,10400,1800,8100,0,7872,6300,3120
242510,243042,Auto,90,1.0,12780,4200,8320,2700,5600,11960,1500,10400,1800,8100,0,7872,6300,3120
241722,243142,The Forbidden Chakra,24,0.0619,12780,4200,8320,2700,5600,11960,1500,10400,1800,8100,0,7896,6300,3120
243012,244302,Dragon Kick,320,1.0,12780,4200,8640,2700,5600,11960,1500,10400,1800,8100,0,7896,6300,3120
244550,245082,Auto,90,1.0,12870,4200,8640,2700,5600,11960,1500,10400,1800,8100,0,7896,6300,3120
244952,245572,Leaping Opo,460,1.0,12870,4200,8640,2700,5600,12420,1500,10400,1800,8100,0,7896,6300,3120
244282,245702,The Forbidden Chakra,25,0.0631,12870,4200,8640,2700,5600,12420,1500,10400,1800,8100,0,7921,6300,3120
246590,247122,Auto,90,1.0,12960,4200,8640,2700,5600,12420,1500,10400,1800,8100,0,7921,6300,3120
246892,248182,Dragon Kick,320,1.0,12960,4200,8960,2700,5600,12420,1500,10400,1800,8100,0,7921,6300,3120
247512,248932,The Forbidden Chakra,126,0.3164,12960,4200,8960,2700,5600,12420,1500,10400,1800,8100,0,8047,6300,3120
248630,249162,Auto,90,1.0,13050,4200,8960,2700,5600,12420,1500,10400,1800,8100,0,8047,6300,3120
248832,249452,Leaping Opo,460,1.0,13050,4200,8960,2700,5600,12880,1500,10400,1800,8100,0,8047,6300,3120
248162,249582,The Forbidden Chakra,14,0.0373,13050,4200,8960,2700,5600,12880,1500,10400,1800,8100,0,8061,6300,3120
249482,250902,The Forbidden Chakra,325,0.8148,13050,4200,8960,2700,5600,12880,1500,10400,1800,8100,0,8386,6300,3120
250772,251172,Phantom Rush,1500,1.0,13050,4200,8960,2700,5600,12880,3000,10400,1800,8100,0,8386,6300,3120
250670,251202,Auto,90,1.0,13140,4200,8960,2700,5600,12880,3000,10400,1800,8100,0,8386,6300,3120
250062,251482,The Forbidden Chakra,25,0.0638,13140,4200,8960,2700,5600,12880,3000,10400,1800,8100,0,8411,6300,3120
251392,252812,The Forbidden Chakra,173,0.4348,13140,4200,8960,2700,5600,12880,3000,10400,1800,8100,0,8584,6300,3120
252710,253242,Auto,90,1.0,13230,4200,8960,2700,5600,12880,3000,10400,1800,8100,0,8584,6300,3120
252042,253462,The Forbidden Chakra,32,0.0817,13230,4200,8960,2700,5600,12880,3000,10400,1800,8100,0,8616,6300,3120
252712,254002,Dragon Kick,320,1.0,13230,4200,9280,2700,5600,12880,3000,10400,1800,8100,0,8616,6300,3120
253362,254782,The Forbidden Chakra,83,0.2086,13230,4200,9280,2700,5600,12880,3000,10400,1800,8100,0,8699,6300,3120
254750,255282,Auto,90,1.0,13320,4200,9280,2700,5600,12880,3000,10400,1800,8100,0,8699,6300,3120
253942,255362,The Forbidden Chakra,64,0.1612,13320,4200,9280,2700,5600,12880,3000,10400,1800,8100,0,8763,6300,3120
254652,256072,Fire's Reply,1400,1.0,13320,4200,9280,2700,7000,12880,3000,10400,1800,8100,0,8763,6300,3120
255272,256692,The Forbidden Chakra,123,0.3096,13320,4200,9280,2700,7000,12880,3000,10400,1800,8100,0,8886,6300,3120
256591,257211,Leaping Opo,460,1.0,13320,4200,9280,2700,7000,13340,3000,10400,1800,8100,0,8886,6300,3120
256790,257322,Auto,90,1.0,13410,4200,9280,2700,7000,13340,3000,10400,1800,8100,0,8886,6300,3120
255922,257342,The Forbidden Chakra,49,0.1236,13410,4200,9280,2700,7000,13340,3000,10400,1800,8100,0,8935,6300,3120
257862,259282,The Forbidden Chakra,304,0.7607,13410,4200,9280,2700,7000,13340,3000,10400,1800,8100,0,9239,6300,3120
258830,259362,Auto,90,1.0,13500,4200,9280,2700,7000,13340,3000,10400,1800,8100,0,9239,6300,3120
258533,259823,Dragon Kick,320,1.0,13500,4200,9600,2700,7000,13340,3000,10400,1800,8100,0,9239,6300,3120
259153,260573,The Forbidden Chakra,98,0.2463,13500,4200,9600,2700,7000,13340,3000,10400,1800,8100,0,9337,6300,3120
260473,261093,Leaping Opo,460,1.0,13500,4200,9600,2700,7000,13800,3000,10400,1800,8100,0,9337,6300,3120
259803,261223,The Forbidden Chakra,30,0.0759,13500,4200,9600,2700,7000,13800,3000,10400,1800,8100,0,9367,6300,3120
260870,261402,Auto,90,1.0,13590,4200,9600,2700,7000,13800,3000,10400,1800,8100,0,9367,6300,3120
261123,262543,The Forbidden Chakra,334,0.8367,13590,4200,9600,2700,7000,13800,3000,10400,1800,8100,0,9701,6300,3120
261703,263123,The Forbidden Chakra,31,0.0778,13590,4200,9600,2700,7000,13800,3000,10400,1800,8100,0,9732,6300,3120
262910,263442,Auto,90,1.0,13680,4200,9600,2700,7000,13800,3000,10400,1800,8100,0,9732,6300,3120
262413,263703,Dragon Kick,320,1.0,13680,4200,9920,2700,7000,13800,3000,10400,1800,8100,0,9732,6300,3120
263033,264453,The Forbidden Chakra,80,0.2024,13680,4200,9920,2700,7000,13800,3000,10400,1800,8100,0,9812,6300,3120
263683,265103,The Forbidden Chakra,49,0.1231,13680,4200,9920,2700,7000,13800,3000,10400,1800,8100,0,9861,6300,3120
264950,265482,Auto,90,1.0,13770,4200,9920,2700,7000,13800,3000,10400,1800,8100,0,9861,6300,3120
264353,265773,Elixir Burst,900,1.0,13770,4200,9920,3600,7000,13800,3000,10400,1800,8100,0,9861,6300,3120
264973,266393,The Forbidden Chakra,141,0.353,13770,4200,9920,3600,7000,13800,3000,10400,1800,8100,0,10002,6300,3120
266293,266913,Leaping Opo,460,1.0,13770,4200,9920,3600,7000,14260,3000,10400,1800,8100,0,10002,6300,3120
265623,267043,The Forbidden Chakra,32,0.0805,13770,4200,9920,3600,7000,14260,3000,10400,1800,8100,0,10034,6300,3120
266990,267522,Auto,90,1.0,13860,4200,9920,3600,7000,14260,3000,10400,1800,8100,0,10034,6300,3120
266943,268363,The Forbidden Chakra,208,0.5207,13860,4200,9920,3600,7000,14260,3000,10400,1800,8100,0,10242,6300,3120
268233,269073,Twin Snakes,420,1.0,13860,4200,9920,3600,7000,14260,3000,10400,1800,8100,0,10242,6720,3120
269030,269562,Auto,90,1.0,13950,4200,9920,3600,7000,14260,3000,10400,1800,8100,0,10242,6720,3120
268883,270303,The Forbidden Chakra,22,0.0563,13950,4200,9920,3600,7000,14260,3000,10400,1800,8100,0,10264,6720,3120
271070,271602,Auto,90,1.0,14040,4200,9920,3600,7000,14260,3000,10400,1800,8100,0,10264,6720,3120
270173,271773,Demolish,420,1.0,14040,4620,9920,3600,7000,14260,3000,10400,1800,8100,0,10264,6720,3120
270823,272243,The Forbidden Chakra,23,0.0599,14040,4620,9920,3600,7000,14260,3000,10400,1800,8100,0,10287,6720,3120
272113,273403,Dragon Kick,320,1.0,14040,4620,10240,3600,7000,14260,3000,10400,1800,8100,0,10287,6720,3120
273110,273642,Auto,90,1.0,14130,4620,10240,3600,7000,14260,3000,10400,1800,8100,0,10287,6720,3120
272763,274183,The Forbidden Chakra,23,0.0579,14130,4620,10240,3600,7000,14260,3000,10400,1800,8100,0,10310,6720,3120
274053,274943,Rising Raptor,540,1.0,14130,4620,10240,3600,7000,14260,3000,10400,1800,8640,0,10310,6720,3120
275150,275682,Auto,90,1.0,14220,4620,10240,3600,7000,14260,3000,10400,1800,8640,0,10310,6720,3120
274703,276123,The Forbidden Chakra,20,0.05,14220,4620,10240,3600,7000,14260,3000,10400,1800,8640,0,10330,6720,3120
275993,277013,Pouncing Coeurl,520,1.0,14220,4620,10240,3600,7000,14260,3000,10920,1800,8640,0,10330,6720,3120
277190,277722,Auto,90,1.0,14310,4620,10240,3600,7000,14260,3000,10920,1800,8640,0,10330,6720,3120
276643,278063,The Forbidden Chakra,17,0.0436,14310,4620,10240,3600,7000,14260,3000,10920,1800,8640,0,10347,6720,3120
277933,278553,Leaping Opo,460,1.0,14310,4620,10240,3600,7000,14720,3000,10920,1800,8640,0,10347,6720,3120
279230,279762,Auto,90,1.0,14400,4620,10240,3600,7000,14720,3000,10920,1800,8640,0,10347,6720,3120
278583,280003,The Forbidden Chakra,57,0.1437,14400,4620,10240,3600,7000,14720,3000,10920,1800,8640,0,10404,6720,3120
279874,280714,Twin Snakes,420,1.0,14400,4620,10240,3600,7000,14720,3000,10920,1800,8640,0,10404,7140,3120
281270,281802,Auto,90,1.0,14490,4620,10240,3600,7000,14720,3000,10920,1800,8640,0,10404,7140,3120
281144,282564,The Forbidden Chakra,17,0.0442,14490,4620,10240,3600,7000,14720,3000,10920,1800,8640,0,10421,7140,3120
282290,282822,Auto,90,1.0,14580,4620,10240,3600,7000,14720,3000,10920,1800,8640,0,10421,7140,3120
281814,282834,Pouncing Coeurl,520,1.0,14580,4620,10240,3600,7000,14720,3000,11440,1800,8640,0,10421,7140,3120
283310,283842,Auto,90,1.0,14670,4620,10240,3600,7000,14720,3000,11440,1800,8640,0,10421,7140,3120
282464,283884,The Forbidden Chakra,18,0.0472,14670,4620,10240,3600,7000,14720,3000,11440,1800,8640,0,10439,7140,3120
284330,284862,Auto,90,1.0,14760,4620,10240,3600,7000,14720,3000,11440,1800,8640,0,10439,7140,3120
283754,285044,Dragon Kick,320,1.0,14760,4620,10560,3600,7000,14720,3000,11440,1800,8640,0,10439,7140,3120
284404,285824,The Forbidden Chakra,20,0.0508,14760,4620,10560,3600,7000,14720,3000,11440,1800,8640,0,10459,7140,3120
285350,285882,Auto,90,1.0,14850,4620,10560,3600,7000,14720,3000,11440,1800,8640,0,10459,7140,3120
285694,286894,Wind's Reply,1040,1.0,14850,4620,10560,3600,7000,14720,3000,11440,1800,8640,0,10459,7140,4160
286370,286902,Auto,90,1.0,14940,4620,10560,3600,7000,14720,3000,11440,1800,8640,0,10459,7140,4160
286344,287764,The Forbidden Chakra,23,0.0582,14940,4620,10560,3600,7000,14720,3000,11440,1800,8640,0,10482,7140,4160
287390,287922,Auto,90,1.0,15030,4620,10560,3600,7000,14720,3000,11440,1800,8640,0,10482,7140,4160
287634,288524,Rising Raptor,540,1.0,15030,4620,10560,3600,7000,14720,3000,11440,1800,9180,0,10482,7140,4160
288410,288942,Auto,90,1.0,15120,4620,10560,3600,7000,14720,3000,11440,1800,9180,0,10482,7140,4160
288284,289704,The Forbidden Chakra,24,0.0603,15120,4620,10560,3600,7000,14720,3000,11440,1800,9180,0,10506,7140,4160
289430,289962,Auto,90,1.0,15210,4620,10560,3600,7000,14720,3000,11440,1800,9180,0,10506,7140,4160
290450,290982,Auto,90,1.0,15300,4620,10560,3600,7000,14720,3000,11440,1800,9180,0,10506,7140,4160
289574,291174,Demolish,420,1.0,15300,5040,10560,3600,7000,14720,3000,11440,1800,9180,0,10506,7140,4160
290224,291644,The Forbidden Chakra,24,0.0616,15300,5040,10560,3600,7000,14720,3000,11440,1800,9180,0,10530,7140,4160
291470,292002,Auto,90,1.0,15390,5040,10560,3600,7000,14720,3000,11440,1800,9180,0,10530,7140,4160
291514,292134,Leaping Opo,460,1.0,15390,5040,10560,3600,7000,15180,3000,11440,1800,9180,0,10530,7140,4160
292490,293022,Auto,90,1.0,15480,5040,10560,3600,7000,15180,3000,11440,1800,9180,0,10530,7140,4160
292134,293554,The Forbidden Chakra,86,0.2159,15480,5040,10560,3600,7000,15180,3000,11440,1800,9180,0,10616,7140,4160
293510,294042,Auto,90,1.0,15570,5040,10560,3600,7000,15180,3000,11440,1800,9180,0,10616,7140,4160
293454,294294,Twin Snakes,420,1.0,15570,5040,10560,3600,7000,15180,3000,11440,1800,9180,0,10616,7560,4160
294530,295062,Auto,90,1.0,15660,5040,10560,3600,7000,15180,3000,11440,1800,9180,0,10616,7560,4160
294104,295524,The Forbidden Chakra,24,0.0609,15660,5040,10560,3600,7000,15180,3000,11440,1800,9180,0,10640,7560,4160
295550,296082,Auto,90,1.0,15750,5040,10560,3600,7000,15180,3000,11440,1800,9180,0,10640,7560,4160
295394,296414,Pouncing Coeurl,520,1.0,15750,5040,10560,3600,7000,15180,3000,11960,1800,9180,0,10640,7560,4160
296570,297102,Auto,90,1.0,15840,5040,10560,3600,7000,15180,3000,11960,1800,9180,0,10640,7560,4160
296044,297464,The Forbidden Chakra,22,0.057,15840,5040,10560,3600,7000,15180,3000,11960,1800,9180,0,10662,7560,4160
297334,298624,Dragon Kick,320,1.0,15840,5040,10880,3600,7000,15180,3000,11960,1800,9180,0,10662,7560,4160
298610,299142,Auto,90,1.0,15930,5040,10880,3600,7000,15180,3000,11960,1800,9180,0,10662,7560,4160
297984,299404,The Forbidden Chakra,22,0.057,15930,5040,10880,3600,7000,15180,3000,11960,1800,9180,0,10684,7560,4160
299274,300164,Rising Raptor,540,1.0,15930,5040,10880,3600,7000,15180,3000,11960,1800,9720,0,10684,7560,4160
300650,301182,Auto,90,1.0,16020,5040,10880,3600,7000,15180,3000,11960,1800,9720,0,10684,7560,4160
299924,301344,The Forbidden Chakra,21,0.0549,16020,5040,10880,3600,7000,15180,3000,11960,1800,9720,0,10705,7560,4160
301215,302235,Pouncing Coeurl,520,1.0,16020,5040,10880,3600,7000,15180,3000,12480,1800,9720,0,10705,7560,4160
302690,303222,Auto,90,1.0,16110,5040,10880,3600,7000,15180,3000,12480,1800,9720,0,10705,7560,4160
301865,303285,The Forbidden Chakra,20,0.0514,16110,5040,10880,3600,7000,15180,3000,12480,1800,9720,0,10725,7560,4160
303155,303775,Leaping Opo,460,1.0,16110,5040,10880,3600,7000,15640,3000,12480,1800,9720,0,10725,7560,4160
303805,305225,The Forbidden Chakra,81,0.2049,16110,5040,10880,3600,7000,15640,3000,12480,1800,9720,0,10806,7560,4160
304730,305262,Auto,90,1.0,16200,5040,10880,3600,7000,15640,3000,12480,1800,9720,0,10806,7560,4160
305095,305935,Twin Snakes,420,1.0,16200,5040,10880,3600,7000,15640,3000,12480,1800,9720,0,10806,7980,4160
306770,307302,Auto,90,1.0,16290,5040,10880,3600,7000,15640,3000,12480,1800,9720,0,10806,7980,4160
307035,308635,Demolish,420,1.0,16290,5460,10880,3600,7000,15640,3000,12480,1800,9720,0,10806,7980,4160
307685,309105,The Forbidden Chakra,41,0.1034,16290,5460,10880,3600,7000,15640,3000,12480,1800,9720,0,10847,7980,4160
308810,309342,Auto,90,1.0,16380,5460,10880,3600,7000,15640,3000,12480,1800,9720,0,10847,7980,4160
308975,310265,Dragon Kick,320,1.0,16380,5460,11200,3600,7000,15640,3000,12480,1800,9720,0,10847,7980,4160
309625,311045,The Forbidden Chakra,21,0.0527,16380,5460,11200,3600,7000,15640,3000,12480,1800,9720,0,10868,7980,4160
310850,311382,Auto,90,1.0,16470,5460,11200,3600,7000,15640,3000,12480,1800,9720,0,10868,7980,4160
310915,312335,Fire's Reply,1400,1.0,16470,5460,11200,3600,8400,15640,3000,12480,1800,9720,0,10868,7980,4160
311565,312985,The Forbidden Chakra,21,0.0546,16470,5460,11200,3600,8400,15640,3000,12480,1800,9720,0,10889,7980,4160
312890,313422,Auto,90,1.0,16560,5460,11200,3600,8400,15640,3000,12480,1800,9720,0,10889,7980,4160
312855,313475,Leaping Opo,460,1.0,16560,5460,11200,3600,8400,16100,3000,12480,1800,9720,0,10889,7980,4160
314930,315462,Auto,90,1.0,16650,5460,11200,3600,8400,16100,3000,12480,1800,9720,0,10889,7980,4160
314125,315545,The Forbidden Chakra,77,0.1946,16650,5460,11200,3600,8400,16100,3000,12480,1800,9720,0,10966,7980,4160
314795,316085,Dragon Kick,320,1.0,16650,5460,11520,3600,8400,16100,3000,12480,1800,9720,0,10966,7980,4160
315445,316865,The Forbidden Chakra,22,0.0573,16650,5460,11520,3600,8400,16100,3000,12480,1800,9720,0,10988,7980,4160
316970,317502,Auto,90,1.0,16740,5460,11520,3600,8400,16100,3000,12480,1800,9720,0,10988,7980,4160
316735,317625,Rising Raptor,540,1.0,16740,5460,11520,3600,8400,16100,3000,12480,1800,10260,0,10988,7980,4160
317385,318805,The Forbidden Chakra,21,0.0546,16740,5460,11520,3600,8400,16100,3000,12480,1800,10260,0,11009,7980,4160
319010,319542,Auto,90,1.0,16830,5460,11520,3600,8400,16100,3000,12480,1800,10260,0,11009,7980,4160
318675,319695,Pouncing Coeurl,520,1.0,16830,5460,11520,3600,8400,16100,3000,13000,1800,10260,0,11009,7980,4160
319295,320715,The Forbidden Chakra,24,0.0617,16830,5460,11520,3600,8400,16100,3000,13000,1800,10260,0,11033,7980,4160
320616,321376,Rising Phoenix,900,1.0,16830,5460,11520,3600,8400,16100,3000,13000,2700,10260,0,11033,7980,4160
321050,321582,Auto,90,1.0,16920,5460,11520,3600,8400,16100,3000,13000,2700,10260,0,11033,7980,4160
321266,322686,The Forbidden Chakra,21,0.0533,16920,5460,11520,3600,8400,16100,3000,13000,2700,10260,0,11054,7980,4160
322556,323176,Leaping Opo,460,1.0,16920,5460,11520,3600,8400,16560,3000,13000,2700,10260,0,11054,7980,4160
323090,323622,Auto,90,1.0,17010,5460,11520,3600,8400,16560,3000,13000,2700,10260,0,11054,7980,4160
323206,324626,The Forbidden Chakra,81,0.2044,17010,5460,11520,3600,8400,16560,3000,13000,2700,10260,0,11135,7980,4160
324496,325336,Twin Snakes,420,1.0,17010,5460,11520,3600,8400,16560,3000,13000,2700,10260,0,11135,8400,4160
325130,325662,Auto,90,1.0,17100,5460,11520,3600,8400,16560,3000,13000,2700,10260,0,11135,8400,4160
325146,326566,The Forbidden Chakra,21,0.0547,17100,5460,11520,3600,8400,16560,3000,13000,2700,10260,0,11156,8400,4160
326436,327456,Pouncing Coeurl,520,1.0,17100,5460,11520,3600,8400,16560,3000,13520,2700,10260,0,11156,8400,4160
327170,327702,Auto,90,1.0,17190,5460,11520,3600,8400,16560,3000,13520,2700,10260,0,11156,8400,4160
327086,328506,The Forbidden Chakra,20,0.0522,17190,5460,11520,3600,8400,16560,3000,13520,2700,10260,0,11176,8400,4160
328376,329666,Dragon Kick,320,1.0,17190,5460,11840,3600,8400,16560,3000,13520,2700,10260,0,11176,8400,4160
329210,329742,Auto,90,1.0,17280,5460,11840,3600,8400,16560,3000,13520,2700,10260,0,11176,8400,4160
329026,330446,The Forbidden Chakra,20,0.0521,17280,5460,11840,3600,8400,16560,3000,13520,2700,10260,0,11196,8400,4160
330316,331206,Rising Raptor,540,1.0,17280,5460,11840,3600,8400,16560,3000,13520,2700,10800,0,11196,8400,4160
331250,331782,Auto,90,1.0,17370,5460,11840,3600,8400,16560,3000,13520,2700,10800,0,11196,8400,4160
330966,332386,The Forbidden Chakra,23,0.0583,17370,5460,11840,3600,8400,16560,3000,13520,2700,10800,0,11219,8400,4160
333290,333822,Auto,90,1.0,17460,5460,11840,3600,8400,16560,3000,13520,2700,10800,0,11219,8400,4160
332256,333856,Demolish,420,1.0,17460,5880,11840,3600,8400,16560,3000,13520,2700,10800,0,11219,8400,4160
332906,334326,The Forbidden Chakra,22,0.0567,17460,5880,11840,3600,8400,16560,3000,13520,2700,10800,0,11241,8400,4160
334196,334816,Leaping Opo,460,1.0,17460,5880,11840,3600,8400,17020,3000,13520,2700,10800,0,11241,8400,4160
335330,335862,Auto,90,1.0,17550,5880,11840,3600,8400,17020,3000,13520,2700,10800,0,11241,8400,4160
334816,336236,The Forbidden Chakra,79,0.1984,17550,5880,11840,3600,8400,17020,3000,13520,2700,10800,0,11320,8400,4160
336136,336976,Twin Snakes,420,1.0,17550,5880,11840,3600,8400,17020,3000,13520,2700,10800,0,11320,8820,4160
337370,337902,Auto,90,1.0,17640,5880,11840,3600,8400,17020,3000,13520,2700,10800,0,11320,8820,4160
336786,338206,The Forbidden Chakra,22,0.0564,17640,5880,11840,3600,8400,17020,3000,13520,2700,10800,0,11342,8820,4160
338076,339096,Pouncing Coeurl,520,1.0,17640,5880,11840,3600,8400,17020,3000,14040,2700,10800,0,11342,8820,4160
339410,339942,Auto,90,1.0,17730,5880,11840,3600,8400,17020,3000,14040,2700,10800,0,11342,8820,4160
338726,340146,The Forbidden Chakra,22,0.0568,17730,5880,11840,3600,8400,17020,3000,14040,2700,10800,0,11364,8820,4160
340016,341306,Dragon Kick,320,1.0,17730,5880,12160,3600,8400,17020,3000,14040,2700,10800,0,11364,8820,4160
341450,341982,Auto,90,1.0,17820,5880,12160,3600,8400,17020,3000,14040,2700,10800,0,11364,8820,4160
340666,342086,The Forbidden Chakra,23,0.0579,17820,5880,12160,3600,8400,17020,3000,14040,2700,10800,0,11387,8820,4160
341957,342847,Rising Raptor,540,1.0,17820,5880,12160,3600,8400,17020,3000,14040,2700,11340,0,11387,8820,4160
343490,344022,Auto,90,1.0,17910,5880,12160,3600,8400,17020,3000,14040,2700,11340,0,11387,8820,4160
342607,344027,The Forbidden Chakra,21,0.054,17910,5880,12160,3600,8400,17020,3000,14040,2700,11340,0,11408,8820,4160
343897,344917,Pouncing Coeurl,520,1.0,17910,5880,12160,3600,8400,17020,3000,14560,2700,11340,0,11408,8820,4160
344547,345967,The Forbidden Chakra,22,0.0552,17910,5880,12160,3600,8400,17020,3000,14560,2700,11340,0,11430,8820,4160
345530,346062,Auto,90,1.0,18000,5880,12160,3600,8400,17020,3000,14560,2700,11340,0,11430,8820,4160
345837,346457,Leaping Opo,460,1.0,18000,5880,12160,3600,8400,17480,3000,14560,2700,11340,0,11430,8820,4160
346487,347907,The Forbidden Chakra,81,0.2028,18000,5880,12160,3600,8400,17480,3000,14560,2700,11340,0,11511,8820,4160
347570,348102,Auto,90,1.0,18090,5880,12160,3600,8400,17480,3000,14560,2700,11340,0,11511,8820,4160
347777,348617,Twin Snakes,420,1.0,18090,5880,12160,3600,8400,17480,3000,14560,2700,11340,0,11511,9240,4160
348427,349847,The Forbidden Chakra,21,0.0539,18090,5880,12160,3600,8400,17480,3000,14560,2700,11340,0,11532,9240,4160
349610,350142,Auto,90,1.0,18180,5880,12160,3600,8400,17480,3000,14560,2700,11340,0,11532,9240,4160
349717,351317,Demolish,420,1.0,18180,6300,12160,3600,8400,17480,3000,14560,2700,11340,0,11532,9240,4160
350337,351757,The Forbidden Chakra,23,0.0584,18180,6300,12160,3600,8400,17480,3000,14560,2700,11340,0,11555,9240,4160
351650,352182,Auto,90,1.0,18270,6300,12160,3600,8400,17480,3000,14560,2700,11340,0,11555,9240,4160
351657,352947,Dragon Kick,320,1.0,18270,6300,12480,3600,8400,17480,3000,14560,2700,11340,0,11555,9240,4160
352307,353727,The Forbidden Chakra,22,0.0573,18270,6300,12480,3600,8400,17480,3000,14560,2700,11340,0,11577,9240,4160
353690,354222,Auto,90,1.0,18360,6300,12480,3600,8400,17480,3000,14560,2700,11340,0,11577,9240,4160
353597,354487,Rising Raptor,540,1.0,18360,6300,12480,3600,8400,17480,3000,14560,2700,11880,0,11577,9240,4160
354247,355667,The Forbidden Chakra,21,0.0535,18360,6300,12480,3600,8400,17480,3000,14560,2700,11880,0,11598,9240,4160
355730,356262,Auto,90,1.0,18450,6300,12480,3600,8400,17480,3000,14560,2700,11880,0,11598,9240,4160
355537,356557,Pouncing Coeurl,520,1.0,18450,6300,12480,3600,8400,17480,3000,15080,2700,11880,0,11598,9240,4160
356187,357607,The Forbidden Chakra,21,0.0546,18450,6300,12480,3600,8400,17480,3000,15080,2700,11880,0,11619,9240,4160
357477,358097,Leaping Opo,460,1.0,18450,6300,12480,3600,8400,17940,3000,15080,2700,11880,0,11619,9240,4160
357770,358302,Auto,90,1.0,18540,6300,12480,3600,8400,17940,3000,15080,2700,11880,0,11619,9240,4160
358127,359547,The Forbidden Chakra,81,0.2028,18540,6300,12480,3600,8400,17940,3000,15080,2700,11880,0,11700,9240,4160
359417,360257,Twin Snakes,420,1.0,18540,6300,12480,3600,8400,17940,3000,15080,2700,11880,0,11700,9660,4160
359810,360342,Auto,90,1.0,18630,6300,12480,3600,8400,17940,3000,15080,2700,11880,0,11700,9660,4160
360067,361487,The Forbidden Chakra,22,0.0551,18630,6300,12480,3600,8400,17940,3000,15080,2700,11880,0,11722,9660,4160
361357,362377,Pouncing Coeurl,520,1.0,18630,6300,12480,3600,8400,17940,3000,15600,2700,11880,0,11722,9660,4160
361850,362382,Auto,90,1.0,18720,6300,12480,3600,8400,17940,3000,15600,2700,11880,0,11722,9660,4160
362007,363427,The Forbidden Chakra,24,0.0613,18720,6300,12480,3600,8400,17940,3000,15600,2700,11880,0,11746,9660,4160
363890,364422,Auto,90,1.0,18810,6300,12480,3600,8400,17940,3000,15600,2700,11880,0,11746,9660,4160
363298,364588,Dragon Kick,320,1.0,18810,6300,12800,3600,8400,17940,3000,15600,2700,11880,0,11746,9660,4160
365238,365858,Leaping Opo,460,1.0,18810,6300,12800,3600,8400,18400,3000,15600,2700,11880,0,11746,9660,4160
365930,366462,Auto,90,1.0,18900,6300,12800,3600,8400,18400,3000,15600,2700,11880,0,11746,9660,4160
367178,368468,Dragon Kick,320,1.0,18900,6300,13120,3600,8400,18400,3000,15600,2700,11880,0,11746,9660,4160
367970,368502,Auto,90,1.0,18990,6300,13120,3600,8400,18400,3000,15600,2700,11880,0,11746,9660,4160
367798,369218,The Forbidden Chakra,148,0.3719,18990,6300,13120,3600,8400,18400,3000,15600,2700,11880,0,11894,9660,4160
369118,369738,Leaping Opo,460,1.0,18990,6300,13120,3600,8400,18860,3000,15600,2700,11880,0,11894,9660,4160
368448,369868,The Forbidden Chakra,30,0.0763,18990,6300,13120,3600,8400,18860,3000,15600,2700,11880,0,11924,9660,4160
370010,370542,Auto,90,1.0,19080,6300,13120,3600,8400,18860,3000,15600,2700,11880,0,11924,9660,4160
369738,371158,The Forbidden Chakra,310,0.7751,19080,6300,13120,3600,8400,18860,3000,15600,2700,11880,0,12234,9660,4160
371058,371458,Phantom Rush,1500,1.0,19080,6300,13120,3600,8400,18860,4500,15600,2700,11880,0,12234,9660,4160
370388,371808,The Forbidden Chakra,22,0.0566,19080,6300,13120,3600,8400,18860,4500,15600,2700,11880,0,12256,9660,4160
372050,372582,Auto,90,1.0,19170,6300,13120,3600,8400,18860,4500,15600,2700,11880,0,12256,9660,4160
373070,373602,Auto,90,1.0,19260,6300,13120,3600,8400,18860,4500,15600,2700,11880,0,12256,9660,4160
372328,373748,The Forbidden Chakra,222,0.5574,19260,6300,13120,3600,8400,18860,4500,15600,2700,11880,0,12478,9660,4160
372998,374288,Dragon Kick,320,1.0,19260,6300,13440,3600,8400,18860,4500,15600,2700,11880,0,12478,9660,4160
374090,374622,Auto,90,1.0,19350,6300,13440,3600,8400,18860,4500,15600,2700,11880,0,12478,9660,4160
373648,375068,The Forbidden Chakra,97,0.2428,19350,6300,13440,3600,8400,18860,4500,15600,2700,11880,0,12575,9660,4160
375110,375642,Auto,90,1.0,19440,6300,13440,3600,8400,18860,4500,15600,2700,11880,0,12575,9660,4160
374228,375648,The Forbidden Chakra,48,0.1206,19440,6300,13440,3600,8400,18860,4500,15600,2700,11880,0,12623,9660,4160
374938,376138,Wind's Reply,1040,1.0,19440,6300,13440,3600,8400,18860,4500,15600,2700,11880,0,12623,9660,5200
376130,376662,Auto,90,1.0,19530,6300,13440,3600,8400,18860,4500,15600,2700,11880,0,12623,9660,5200
375588,377008,The Forbidden Chakra,145,0.3648,19530,6300,13440,3600,8400,18860,4500,15600,2700,11880,0,12768,9660,5200
376168,377588,The Forbidden Chakra,111,0.2781,19530,6300,13440,3600,8400,18860,4500,15600,2700,11880,0,12879,9660,5200
377150,377682,Auto,90,1.0,19620,6300,13440,3600,8400,18860,4500,15600,2700,11880,0,12879,9660,5200
376878,378298,Fire's Reply,1400,1.0,19620,6300,13440,3600,9800,18860,4500,15600,2700,11880,0,12879,9660,5200
378170,378702,Auto,90,1.0,19710,6300,13440,3600,9800,18860,4500,15600,2700,11880,0,12879,9660,5200
377498,378918,The Forbidden Chakra,63,0.1594,19710,6300,13440,3600,9800,18860,4500,15600,2700,11880,0,12942,9660,5200
378818,379438,Leaping Opo,460,1.0,19710,6300,13440,3600,9800,19320,4500,15600,2700,11880,0,12942,9660,5200
378148,379568,The Forbidden Chakra,48,0.121,19710,6300,13440,3600,9800,19320,4500,15600,2700,11880,0,12990,9660,5200
379190,379722,Auto,90,1.0,19800,6300,13440,3600,9800,19320,4500,15600,2700,11880,0,12990,9660,5200
380210,380742,Auto,90,1.0,19890,6300,13440,3600,9800,19320,4500,15600,2700,11880,0,12990,9660,5200
380058,381478,The Forbidden Chakra,315,0.7885,19890,6300,13440,3600,9800,19320,4500,15600,2700,11880,0,13305,9660,5200
381230,381762,Auto,90,1.0,19980,6300,13440,3600,9800,19320,4500,15600,2700,11880,0,13305,9660,5200
380758,382048,Dragon Kick,320,1.0,19980,6300,13760,3600,9800,19320,4500,15600,2700,11880,0,13305,9660,5200
382250,382782,Auto,90,1.0,20070,6300,13760,3600,9800,19320,4500,15600,2700,11880,0,13305,9660,5200
381408,382828,The Forbidden Chakra,133,0.333,20070,6300,13760,3600,9800,19320,4500,15600,2700,11880,0,13438,9660,5200
382699,383319,Leaping Opo,460,1.0,20070,6300,13760,3600,9800,19780,4500,15600,2700,11880,0,13438,9660,5200
381988,383408,The Forbidden Chakra,17,0.0428,20070,6300,13760,3600,9800,19780,4500,15600,2700,11880,0,13455,9660,5200
383270,383802,Auto,90,1.0,20160,6300,13760,3600,9800,19780,4500,15600,2700,11880,0,13455,9660,5200
383319,384739,The Forbidden Chakra,326,0.8157,20160,6300,13760,3600,9800,19780,4500,15600,2700,11880,0,13781,9660,5200
384290,384822,Auto,90,1.0,20250,6300,13760,3600,9800,19780,4500,15600,2700,11880,0,13781,9660,5200
383969,385389,The Forbidden Chakra,27,0.0692,20250,6300,13760,3600,9800,19780,4500,15600,2700,11880,0,13808,9660,5200
385310,385842,Auto,90,1.0,20340,6300,13760,3600,9800,19780,4500,15600,2700,11880,0,13808,9660,5200
384639,385929,Dragon Kick,320,1.0,20340,6300,14080,3600,9800,19780,4500,15600,2700,11880,0,13808,9660,5200
385289,386709,The Forbidden Chakra,76,0.1924,20340,6300,14080,3600,9800,19780,4500,15600,2700,11880,0,13884,9660,5200
386330,386862,Auto,90,1.0,20430,6300,14080,3600,9800,19780,4500,15600,2700,11880,0,13884,9660,5200
385869,387289,The Forbidden Chakra,29,0.074,20430,6300,14080,3600,9800,19780,4500,15600,2700,11880,0,13913,9660,5200
387350,387882,Auto,90,1.0,20520,6300,14080,3600,9800,19780,4500,15600,2700,11880,0,13913,9660,5200
386579,387999,Elixir Burst,900,1.0,20520,6300,14080,4500,9800,19780,4500,15600,2700,11880,0,13913,9660,5200
387199,388619,The Forbidden Chakra,119,0.2979,20520,6300,14080,4500,9800,19780,4500,15600,2700,11880,0,14032,9660,5200
388370,388902,Auto,90,1.0,20610,6300,14080,4500,9800,19780,4500,15600,2700,11880,0,14032,9660,5200
388519,389139,Leaping Opo,460,1.0,20610,6300,14080,4500,9800,20240,4500,15600,2700,11880,0,14032,9660,5200
389169,390589,The Forbidden Chakra,81,0.2036,20610,6300,14080,4500,9800,20240,4500,15600,2700,11880,0,14113,9660,5200
390410,390942,Auto,90,1.0,20700,6300,14080,4500,9800,20240,4500,15600,2700,11880,0,14113,9660,5200
390459,391349,Rising Raptor,540,1.0,20700,6300,14080,4500,9800,20240,4500,15600,2700,12420,0,14113,9660,5200
391109,392529,The Forbidden Chakra,23,0.0575,20700,6300,14080,4500,9800,20240,4500,15600,2700,12420,0,14136,9660,5200
392450,392982,Auto,90,1.0,20790,6300,14080,4500,9800,20240,4500,15600,2700,12420,0,14136,9660,5200
392399,393999,Demolish,420,1.0,20790,6720,14080,4500,9800,20240,4500,15600,2700,12420,0,14136,9660,5200
393049,394469,The Forbidden Chakra,24,0.0609,20790,6720,14080,4500,9800,20240,4500,15600,2700,12420,0,14160,9660,5200
394490,395022,Auto,90,1.0,20880,6720,14080,4500,9800,20240,4500,15600,2700,12420,0,14160,9660,5200
394339,395629,Dragon Kick,320,1.0,20880,6720,14400,4500,9800,20240,4500,15600,2700,12420,0,14160,9660,5200
394989,396409,The Forbidden Chakra,22,0.0572,20880,6720,14400,4500,9800,20240,4500,15600,2700,12420,0,14182,9660,5200
396530,397062,Auto,90,1.0,20970,6720,14400,4500,9800,20240,4500,15600,2700,12420,0,14182,9660,5200
396279,397119,Twin Snakes,420,1.0,20970,6720,14400,4500,9800,20240,4500,15600,2700,12420,0,14182,10080,5200
396929,398349,The Forbidden Chakra,21,0.053,20970,6720,14400,4500,9800,20240,4500,15600,2700,12420,0,14203,10080,5200
398570,399102,Auto,90,1.0,21060,6720,14400,4500,9800,20240,4500,15600,2700,12420,0,14203,10080,5200
398219,399239,Pouncing Coeurl,520,1.0,21060,6720,14400,4500,9800,20240,4500,16120,2700,12420,0,14203,10080,5200
398869,400289,The Forbidden Chakra,22,0.0563,21060,6720,14400,4500,9800,20240,4500,16120,2700,12420,0,14225,10080,5200
400159,400779,Leaping Opo,460,1.0,21060,6720,14400,4500,9800,20700,4500,16120,2700,12420,0,14225,10080,5200
400610,401142,Auto,90,1.0,21150,6720,14400,4500,9800,20700,4500,16120,2700,12420,0,14225,10080,5200
400779,402199,The Forbidden Chakra,71,0.1798,21150,6720,14400,4500,9800,20700,4500,16120,2700,12420,0,14296,10080,5200
402099,402989,Rising Raptor,540,1.0,21150,6720,14400,4500,9800,20700,4500,16120,2700,12960,0,14296,10080,5200
402650,403182,Auto,90,1.0,21240,6720,14400,4500,9800,20700,4500,16120,2700,12960,0,14296,10080,5200
402749,404169,The Forbidden Chakra,23,0.0594,21240,6720,14400,4500,9800,20700,4500,16120,2700,12960,0,14319,10080,5200
404040,405060,Pouncing Coeurl,520,1.0,21240,6720,14400,4500,9800,20700,4500,16640,2700,12960,0,14319,10080,5200
404690,405222,Auto,90,1.0,21330,6720,14400,4500,9800,20700,4500,16640,2700,12960,0,14319,10080,5200
404690,406110,The Forbidden Chakra,24,0.0624,21330,6720,14400,4500,9800,20700,4500,16640,2700,12960,0,14343,10080,5200
406730,407262,Auto,90,1.0,21420,6720,14400,4500,9800,20700,4500,16640,2700,12960,0,14343,10080,5200
405980,407270,Dragon Kick,320,1.0,21420,6720,14720,4500,9800,20700,4500,16640,2700,12960,0,14343,10080,5200
406630,408050,The Forbidden Chakra,23,0.0575,21420,6720,14720,4500,9800,20700,4500,16640,2700,12960,0,14366,10080,5200
407920,408760,Twin Snakes,420,1.0,21420,6720,14720,4500,9800,20700,4500,16640,2700,12960,0,14366,10500,5200
408770,409302,Auto,90,1.0,21510,6720,14720,4500,9800,20700,4500,16640,2700,12960,0,14366,10500,5200
408570,409990,The Forbidden Chakra,23,0.0596,21510,6720,14720,4500,9800,20700,4500,16640,2700,12960,0,14389,10500,5200
410810,411342,Auto,90,1.0,21600,6720,14720,4500,9800,20700,4500,16640,2700,12960,0,14389,10500,5200
409860,411460,Demolish,420,1.0,21600,7140,14720,4500,9800,20700,4500,16640,2700,12960,0,14389,10500,5200
410510,411930,The Forbidden Chakra,21,0.0542,21600,7140,14720,4500,9800,20700,4500,16640,2700,12960,0,14410,10500,5200
411800,412420,Leaping Opo,460,1.0,21600,7140,14720,4500,9800,21160,4500,16640,2700,12960,0,14410,10500,5200
412850,413382,Auto,90,1.0,21690,7140,14720,4500,9800,21160,4500,16640,2700,12960,0,14410,10500,5200
412450,413870,The Forbidden Chakra,80,0.2016,21690,7140,14720,4500,9800,21160,4500,16640,2700,12960,0,14490,10500,5200
413740,414630,Rising Raptor,540,1.0,21690,7140,14720,4500,9800,21160,4500,16640,2700,13500,0,14490,10500,5200
414890,415422,Auto,90,1.0,21780,7140,14720,4500,9800,21160,4500,16640,2700,13500,0,14490,10500,5200
414390,415810,The Forbidden Chakra,22,0.0567,21780,7140,14720,4500,9800,21160,4500,16640,2700,13500,0,14512,10500,5200
415680,416700,Pouncing Coeurl,520,1.0,21780,7140,14720,4500,9800,21160,4500,17160,2700,13500,0,14512,10500,5200
416930,417462,Auto,90,1.0,21870,7140,14720,4500,9800,21160,4500,17160,2700,13500,0,14512,10500,5200
416330,417750,The Forbidden Chakra,24,0.0608,21870,7140,14720,4500,9800,21160,4500,17160,2700,13500,0,14536,10500,5200
417620,418910,Dragon Kick,320,1.0,21870,7140,15040,4500,9800,21160,4500,17160,2700,13500,0,14536,10500,5200
418970,419502,Auto,90,1.0,21960,7140,15040,4500,9800,21160,4500,17160,2700,13500,0,14536,10500,5200
418270,419690,The Forbidden Chakra,21,0.0543,21960,7140,15040,4500,9800,21160,4500,17160,2700,13500,0,14557,10500,5200
419560,420400,Twin Snakes,420,1.0,21960,7140,15040,4500,9800,21160,4500,17160,2700,13500,0,14557,10920,5200
421010,421542,Auto,90,1.0,22050,7140,15040,4500,9800,21160,4500,17160,2700,13500,0,14557,10920,5200
420210,421630,The Forbidden Chakra,21,0.0547,22050,7140,15040,4500,9800,21160,4500,17160,2700,13500,0,14578,10920,5200
421500,422520,Pouncing Coeurl,520,1.0,22050,7140,15040,4500,9800,21160,4500,17680,2700,13500,0,14578,10920,5200
422150,423570,The Forbidden Chakra,23,0.0585,22050,7140,15040,4500,9800,21160,4500,17680,2700,13500,0,14601,10920,5200
423050,423582,Auto,90,1.0,22140,7140,15040,4500,9800,21160,4500,17680,2700,13500,0,14601,10920,5200
423440,424060,Leaping Opo,460,1.0,22140,7140,15040,4500,9800,21620,4500,17680,2700,13500,0,14601,10920,5200
424090,425510,The Forbidden Chakra,81,0.204,22140,7140,15040,4500,9800,21620,4500,17680,2700,13500,0,14682,10920,5200
425090,425622,Auto,90,1.0,22230,7140,15040,4500,9800,21620,4500,17680,2700,13500,0,14682,10920,5200
425381,426271,Rising Raptor,540,1.0,22230,7140,15040,4500,9800,21620,4500,17680,2700,14040,0,14682,10920,5200
427130,427662,Auto,90,1.0,22320,7140,15040,4500,9800,21620,4500,17680,2700,14040,0,14682,10920,5200
427321,428921,Demolish,420,1.0,22320,7560,15040,4500,9800,21620,4500,17680,2700,14040,0,14682,10920,5200
427941,429361,The Forbidden Chakra,41,0.1039,22320,7560,15040,4500,9800,21620,4500,17680,2700,14040,0,14723,10920,5200
429170,429702,Auto,90,1.0,22410,7560,15040,4500,9800,21620,4500,17680,2700,14040,0,14723,10920,5200
429261,430551,Dragon Kick,320,1.0,22410,7560,15360,4500,9800,21620,4500,17680,2700,14040,0,14723,10920,5200
429911,431331,The Forbidden Chakra,22,0.0558,22410,7560,15360,4500,9800,21620,4500,17680,2700,14040,0,14745,10920,5200
431210,431742,Auto,90,1.0,22500,7560,15360,4500,9800,21620,4500,17680,2700,14040,0,14745,10920,5200
431201,432621,Fire's Reply,1400,1.0,22500,7560,15360,4500,11200,21620,4500,17680,2700,14040,0,14745,10920,5200
431851,433271,The Forbidden Chakra,22,0.0571,22500,7560,15360,4500,11200,21620,4500,17680,2700,14040,0,14767,10920,5200
433141,433761,Leaping Opo,460,1.0,22500,7560,15360,4500,11200,22080,4500,17680,2700,14040,0,14767,10920,5200
433250,433782,Auto,90,1.0,22590,7560,15360,4500,11200,22080,4500,17680,2700,14040,0,14767,10920,5200
435290,435822,Auto,90,1.0,22680,7560,15360,4500,11200,22080,4500,17680,2700,14040,0,14767,10920,5200
434411,435831,The Forbidden Chakra,79,0.1991,22680,7560,15360,4500,11200,22080,4500,17680,2700,14040,0,14846,10920,5200
435081,436371,Dragon Kick,320,1.0,22680,7560,15680,4500,11200,22080,4500,17680,2700,14040,0,14846,10920,5200
435731,437151,The Forbidden Chakra,22,0.0564,22680,7560,15680,4500,11200,22080,4500,17680,2700,14040,0,14868,10920,5200
437021,437861,Twin Snakes,420,1.0,22680,7560,15680,4500,11200,22080,4500,17680,2700,14040,0,14868,11340,5200
437330,437862,Auto,90,1.0,22770,7560,15680,4500,11200,22080,4500,17680,2700,14040,0,14868,11340,5200
437671,439091,The Forbidden Chakra,21,0.0546,22770,7560,15680,4500,11200,22080,4500,17680,2700,14040,0,14889,11340,5200
439370,439902,Auto,90,1.0,22860,7560,15680,4500,11200,22080,4500,17680,2700,14040,0,14889,11340,5200
438961,439981,Pouncing Coeurl,520,1.0,22860,7560,15680,4500,11200,22080,4500,18200,2700,14040,0,14889,11340,5200
439611,441031,The Forbidden Chakra,21,0.0533,22860,7560,15680,4500,11200,22080,4500,18200,2700,14040,0,14910,11340,5200
440901,441661,Rising Phoenix,900,1.0,22860,7560,15680,4500,11200,22080,4500,18200,3600,14040,0,14910,11340,5200
441410,441942,Auto,90,1.0,22950,7560,15680,4500,11200,22080,4500,18200,3600,14040,0,14910,11340,5200
441551,442971,The Forbidden Chakra,21,0.053,22950,7560,15680,4500,11200,22080,4500,18200,3600,14040,0,14931,11340,5200
442841,443461,Leaping Opo,460,1.0,22950,7560,15680,4500,11200,22540,4500,18200,3600,14040,0,14931,11340,5200
443450,443982,Auto,90,1.0,23040,7560,15680,4500,11200,22540,4500,18200,3600,14040,0,14931,11340,5200
443491,444911,The Forbidden Chakra,80,0.2004,23040,7560,15680,4500,11200,22540,4500,18200,3600,14040,0,15011,11340,5200
444782,445672,Rising Raptor,540,1.0,23040,7560,15680,4500,11200,22540,4500,18200,3600,14580,0,15011,11340,5200
445490,446022,Auto,90,1.0,23130,7560,15680,4500,11200,22540,4500,18200,3600,14580,0,15011,11340,5200
445432,446852,The Forbidden Chakra,21,0.0531,23130,7560,15680,4500,11200,22540,4500,18200,3600,14580,0,15032,11340,5200
446722,447742,Pouncing Coeurl,520,1.0,23130,7560,15680,4500,11200,22540,4500,18720,3600,14580,0,15032,11340,5200
447530,448062,Auto,90,1.0,23220,7560,15680,4500,11200,22540,4500,18720,3600,14580,0,15032,11340,5200
447372,448792,The Forbidden Chakra,22,0.0556,23220,7560,15680,4500,11200,22540,4500,18720,3600,14580,0,15054,11340,5200
448662,449952,Dragon Kick,320,1.0,23220,7560,16000,4500,11200,22540,4500,18720,3600,14580,0,15054,11340,5200
449570,450102,Auto,90,1.0,23310,7560,16000,4500,11200,22540,4500,18720,3600,14580,0,15054,11340,5200
449312,450732,The Forbidden Chakra,21,0.0527,23310,7560,16000,4500,11200,22540,4500,18720,3600,14580,0,15075,11340,5200
450602,451442,Twin Snakes,420,1.0,23310,7560,16000,4500,11200,22540,4500,18720,3600,14580,0,15075,11760,5200
451610,452142,Auto,90,1.0,23400,7560,16000,4500,11200,22540,4500,18720,3600,14580,0,15075,11760,5200
451222,452642,The Forbidden Chakra,22,0.0559,23400,7560,16000,4500,11200,22540,4500,18720,3600,14580,0,15097,11760,5200
452542,454142,Demolish,420,1.0,23400,7980,16000,4500,11200,22540,4500,18720,3600,14580,0,15097,11760,5200
453650,454182,Auto,90,1.0,23490,7980,16000,4500,11200,22540,4500,18720,3600,14580,0,15097,11760,5200
453192,454612,The Forbidden Chakra,22,0.0567,23490,7980,16000,4500,11200,22540,4500,18720,3600,14580,0,15119,11760,5200
454482,455102,Leaping Opo,460,1.0,23490,7980,16000,4500,11200,23000,4500,18720,3600,14580,0,15119,11760,5200
455690,456222,Auto,90,1.0,23580,7980,16000,4500,11200,23000,4500,18720,3600,14580,0,15119,11760,5200
455132,456552,The Forbidden Chakra,81,0.2028,23580,7980,16000,4500,11200,23000,4500,18720,3600,14580,0,15200,11760,5200
456422,457312,Rising Raptor,540,1.0,23580,7980,16000,4500,11200,23000,4500,18720,3600,15120,0,15200,11760,5200
457730,458262,Auto,90,1.0,23670,7980,16000,4500,11200,23000,4500,18720,3600,15120,0,15200,11760,5200
457072,458492,The Forbidden Chakra,22,0.0559,23670,7980,16000,4500,11200,23000,4500,18720,3600,15120,0,15222,11760,5200
458362,459382,Pouncing Coeurl,520,1.0,23670,7980,16000,4500,11200,23000,4500,19240,3600,15120,0,15222,11760,5200
459770,460302,Auto,90,1.0,23760,7980,16000,4500,11200,23000,4500,19240,3600,15120,0,15222,11760,5200
459012,460432,The Forbidden Chakra,22,0.0552,23760,7980,16000,4500,11200,23000,4500,19240,3600,15120,0,15244,11760,5200
460302,461592,Dragon Kick,320,1.0,23760,7980,16320,4500,11200,23000,4500,19240,3600,15120,0,15244,11760,5200
461810,462342,Auto,90,1.0,23850,7980,16320,4500,11200,23000,4500,19240,3600,15120,0,15244,11760,5200
460952,462372,The Forbidden Chakra,22,0.057,23850,7980,16320,4500,11200,23000,4500,19240,3600,15120,0,15266,11760,5200
462242,463082,Twin Snakes,420,1.0,23850,7980,16320,4500,11200,23000,4500,19240,3600,15120,0,15266,12180,5200
463850,464382,Auto,90,1.0,23940,7980,16320,4500,11200,23000,4500,19240,3600,15120,0,15266,12180,5200
463512,464932,The Forbidden Chakra,22,0.0561,23940,7980,16320,4500,11200,23000,4500,19240,3600,15120,0,15288,12180,5200
464182,465382,Wind's Reply,1040,1.0,23940,7980,16320,4500,11200,23000,4500,19240,3600,15120,0,15288,12180,6240
464870,465402,Auto,90,1.0,24030,7980,16320,4500,11200,23000,4500,19240,3600,15120,0,15288,12180,6240
464832,466252,The Forbidden Chakra,22,0.0564,24030,7980,16320,4500,11200,23000,4500,19240,3600,15120,0,15310,12180,6240
465890,466422,Auto,90,1.0,24120,7980,16320,4500,11200,23000,4500,19240,3600,15120,0,15310,12180,6240
466123,467143,Pouncing Coeurl,520,1.0,24120,7980,16320,4500,11200,23000,4500,19760,3600,15120,0,15310,12180,6240
466910,467442,Auto,90,1.0,24210,7980,16320,4500,11200,23000,4500,19760,3600,15120,0,15310,12180,6240
466773,468193,The Forbidden Chakra,22,0.0566,24210,7980,16320,4500,11200,23000,4500,19760,3600,15120,0,15332,12180,6240
467930,468462,Auto,90,1.0,24300,7980,16320,4500,11200,23000,4500,19760,3600,15120,0,15332,12180,6240
468063,468683,Leaping Opo,460,1.0,24300,7980,16320,4500,11200,23460,4500,19760,3600,15120,0,15332,12180,6240
468950,469482,Auto,90,1.0,24390,7980,16320,4500,11200,23460,4500,19760,3600,15120,0,15332,12180,6240
468713,470133,The Forbidden Chakra,78,0.1971,24390,7980,16320,4500,11200,23460,4500,19760,3600,15120,0,15410,12180,6240
469970,470502,Auto,90,1.0,24480,7980,16320,4500,11200,23460,4500,19760,3600,15120,0,15410,12180,6240
470003,470893,Rising Raptor,540,1.0,24480,7980,16320,4500,11200,23460,4500,19760,3600,15660,0,15410,12180,6240
470990,471522,Auto,90,1.0,24570,7980,16320,4500,11200,23460,4500,19760,3600,15660,0,15410,12180,6240
470653,472073,The Forbidden Chakra,20,0.0513,24570,7980,16320,4500,11200,23460,4500,19760,3600,15660,0,15430,12180,6240
472010,472542,Auto,90,1.0,24660,7980,16320,4500,11200,23460,4500,19760,3600,15660,0,15430,12180,6240
471943,473543,Demolish,420,1.0,24660,8400,16320,4500,11200,23460,4500,19760,3600,15660,0,15430,12180,6240
473030,473562,Auto,90,1.0,24750,8400,16320,4500,11200,23460,4500,19760,3600,15660,0,15430,12180,6240
472593,474013,The Forbidden Chakra,22,0.0563,24750,8400,16320,4500,11200,23460,4500,19760,3600,15660,0,15452,12180,6240
474050,474582,Auto,90,1.0,24840,8400,16320,4500,11200,23460,4500,19760,3600,15660,0,15452,12180,6240
473883,475173,Dragon Kick,320,1.0,24840,8400,16640,4500,11200,23460,4500,19760,3600,15660,0,15452,12180,6240
475070,475602,Auto,90,1.0,24930,8400,16640,4500,11200,23460,4500,19760,3600,15660,0,15452,12180,6240
474533,475953,The Forbidden Chakra,21,0.0545,24930,8400,16640,4500,11200,23460,4500,19760,3600,15660,0,15473,12180,6240
476090,476622,Auto,90,1.0,25020,8400,16640,4500,11200,23460,4500,19760,3600,15660,0,15473,12180,6240
475823,476663,Twin Snakes,420,1.0,25020,8400,16640,4500,11200,23460,4500,19760,3600,15660,0,15473,12600,6240
477110,477642,Auto,90,1.0,25110,8400,16640,4500,11200,23460,4500,19760,3600,15660,0,15473,12600,6240
476443,477863,The Forbidden Chakra,21,0.0545,25110,8400,16640,4500,11200,23460,4500,19760,3600,15660,0,15494,12600,6240
478130,478662,Auto,90,1.0,25200,8400,16640,4500,11200,23460,4500,19760,3600,15660,0,15494,12600,6240
477763,478783,Pouncing Coeurl,520,1.0,25200,8400,16640,4500,11200,23460,4500,20280,3600,15660,0,15494,12600,6240
479150,479682,Auto,90,1.0,25290,8400,16640,4500,11200,23460,4500,20280,3600,15660,0,15494,12600,6240
478413,479833,The Forbidden Chakra,21,0.0528,25290,8400,16640,4500,11200,23460,4500,20280,3600,15660,0,15515,12600,6240
479703,480323,Leaping Opo,460,1.0,25290,8400,16640,4500,11200,23920,4500,20280,3600,15660,0,15515,12600,6240
481190,481722,Auto,90,1.0,25380,8400,16640,4500,11200,23920,4500,20280,3600,15660,0,15515,12600,6240
480353,481773,The Forbidden Chakra,82,0.2073,25380,8400,16640,4500,11200,23920,4500,20280,3600,15660,0,15597,12600,6240
481643,482533,Rising Raptor,540,1.0,25380,8400,16640,4500,11200,23920,4500,20280,3600,16200,0,15597,12600,6240
482293,483713,The Forbidden Chakra,24,0.0604,25380,8400,16640,4500,11200,23920,4500,20280,3600,16200,0,15621,12600,6240
483230,483762,Auto,90,1.0,25470,8400,16640,4500,11200,23920,4500,20280,3600,16200,0,15621,12600,6240
483583,484603,Pouncing Coeurl,520,1.0,25470,8400,16640,4500,11200,23920,4500,20800,3600,16200,0,15621,12600,6240
485270,485802,Auto,90,1.0,25560,8400,16640,4500,11200,23920,4500,20800,3600,16200,0,15621,12600,6240
484853,486273,The Forbidden Chakra,25,0.0627,25560,8400,16640,4500,11200,23920,4500,20800,3600,16200,0,15646,12600,6240
485524,486814,Dragon Kick,320,1.0,25560,8400,16960,4500,11200,23920,4500,20800,3600,16200,0,15646,12600,6240
487310,487842,Auto,90,1.0,25650,8400,16960,4500,11200,23920,4500,20800,3600,16200,0,15646,12600,6240
487464,488084,Leaping Opo,460,1.0,25650,8400,16960,4500,11200,24380,4500,20800,3600,16200,0,15646,12600,6240
488114,489534,The Forbidden Chakra,213,0.534,25650,8400,16960,4500,11200,24380,4500,20800,3600,16200,0,15859,12600,6240
489350,489882,Auto,90,1.0,25740,8400,16960,4500,11200,24380,4500,20800,3600,16200,0,15859,12600,6240
488694,490114,The Forbidden Chakra,30,0.077,25740,8400,16960,4500,11200,24380,4500,20800,3600,16200,0,15889,12600,6240
489404,490694,Dragon Kick,320,1.0,25740,8400,17280,4500,11200,24380,4500,20800,3600,16200,0,15889,12600,6240
490054,491474,The Forbidden Chakra,94,0.2363,25740,8400,17280,4500,11200,24380,4500,20800,3600,16200,0,15983,12600,6240
491344,491744,Phantom Rush,1500,1.0,25740,8400,17280,4500,11200,24380,6000,20800,3600,16200,0,15983,12600,6240
491390,491922,Auto,90,1.0,25830,8400,17280,4500,11200,24380,6000,20800,3600,16200,0,15983,12600,6240
490634,492054,The Forbidden Chakra,17,0.0436,25830,8400,17280,4500,11200,24380,6000,20800,3600,16200,0,16000,12600,6240
491964,493384,The Forbidden Chakra,284,0.7119,25830,8400,17280,4500,11200,24380,6000,20800,3600,16200,0,16284,12600,6240
493284,493904,Leaping Opo,460,1.0,25830,8400,17280,4500,11200,24840,6000,20800,3600,16200,0,16284,12600,6240
493430,493962,Auto,90,1.0,25920,8400,17280,4500,11200,24840,6000,20800,3600,16200,0,16284,12600,6240
492614,494034,The Forbidden Chakra,21,0.0546,25920,8400,17280,4500,11200,24840,6000,20800,3600,16200,0,16305,12600,6240
493934,495354,The Forbidden Chakra,251,0.6287,25920,8400,17280,4500,11200,24840,6000,20800,3600,16200,0,16556,12600,6240
494514,495934,The Forbidden Chakra,1,0.004,25920,8400,17280,4500,11200,24840,6000,20800,3600,16200,0,16557,12600,6240
495470,496002,Auto,90,1.0,26010,8400,17280,4500,11200,24840,6000,20800,3600,16200,0,16557,12600,6240
495224,496644,Fire's Reply,1400,1.0,26010,8400,17280,4500,12600,24840,6000,20800,3600,16200,0,16557,12600,6240
495844,497264,The Forbidden Chakra,82,0.2059,26010,8400,17280,4500,12600,24840,6000,20800,3600,16200,0,16639,12600,6240
496494,497914,The Forbidden Chakra,17,0.0437,26010,8400,17280,4500,12600,24840,6000,20800,3600,16200,0,16656,12600,6240
497510,498042,Auto,90,1.0,26100,8400,17280,4500,12600,24840,6000,20800,3600,16200,0,16656,12600,6240
497164,498454,Dragon Kick,320,1.0,26100,8400,17600,4500,12600,24840,6000,20800,3600,16200,0,16656,12600,6240
499104,499724,Leaping Opo,460,1.0,26100,8400,17600,4500,12600,25300,6000,20800,3600,16200,0,16656,12600,6240
498434,499854,The Forbidden Chakra,222,0.557,26100,8400,17600,4500,12600,25300,6000,20800,3600,16200,0,16878,12600,6240
499550,500082,Auto,90,1.0,26190,8400,17600,4500,12600,25300,6000,20800,3600,16200,0,16878,12600,6240
499754,501174,The Forbidden Chakra,272,0.6801,26190,8400,17600,4500,12600,25300,6000,20800,3600,16200,0,17150,12600,6240
500334,501754,The Forbidden Chakra,32,0.0802,26190,8400,17600,4500,12600,25300,6000,20800,3600,16200,0,17182,12600,6240
501590,502122,Auto,90,1.0,26280,8400,17600,4500,12600,25300,6000,20800,3600,16200,0,17182,12600,6240
501044,502334,Dragon Kick,320,1.0,26280,8400,17920,4500,12600,25300,6000,20800,3600,16200,0,17182,12600,6240
501664,503084,The Forbidden Chakra,130,0.3272,26280,8400,17920,4500,12600,25300,6000,20800,3600,16200,0,17312,12600,6240
502984,503604,Leaping Opo,460,1.0,26280,8400,17920,4500,12600,25760,6000,20800,3600,16200,0,17312,12600,6240
502314,503734,The Forbidden Chakra,16,0.0405,26280,8400,17920,4500,12600,25760,6000,20800,3600,16200,0,17328,12600,6240
503630,504162,Auto,90,1.0,26370,8400,17920,4500,12600,25760,6000,20800,3600,16200,0,17328,12600,6240
503634,505054,The Forbidden Chakra,312,0.7803,26370,8400,17920,4500,12600,25760,6000,20800,3600,16200,0,17640,12600,6240
504214,505634,The Forbidden Chakra,4,0.0117,26370,8400,17920,4500,12600,25760,6000,20800,3600,16200,0,17644,12600,6240
505670,506202,Auto,90,1.0,26460,8400,17920,4500,12600,25760,6000,20800,3600,16200,0,17644,12600,6240
504924,506344,Elixir Burst,900,1.0,26460,8400,17920,5400,12600,25760,6000,20800,3600,16200,0,17644,12600,6240
505574,506994,The Forbidden Chakra,81,0.2045,26460,8400,17920,5400,12600,25760,6000,20800,3600,16200,0,17725,12600,6240
506154,507574,The Forbidden Chakra,30,0.076,26460,8400,17920,5400,12600,25760,6000,20800,3600,16200,0,17755,12600,6240
506865,508155,Dragon Kick,320,1.0,26460,8400,18240,5400,12600,25760,6000,20800,3600,16200,0,17755,12600,6240
507710,508242,Auto,90,1.0,26550,8400,18240,5400,12600,25760,6000,20800,3600,16200,0,17755,12600,6240
507485,508905,The Forbidden Chakra,137,0.3432,26550,8400,18240,5400,12600,25760,6000,20800,3600,16200,0,17892,12600,6240
508805,509645,Twin Snakes,420,1.0,26550,8400,18240,5400,12600,25760,6000,20800,3600,16200,0,17892,13020,6240
509750,510282,Auto,90,1.0,26640,8400,18240,5400,12600,25760,6000,20800,3600,16200,0,17892,13020,6240
509455,510875,The Forbidden Chakra,25,0.0635,26640,8400,18240,5400,12600,25760,6000,20800,3600,16200,0,17917,13020,6240
511790,512322,Auto,90,1.0,26730,8400,18240,5400,12600,25760,6000,20800,3600,16200,0,17917,13020,6240
510745,512345,Demolish,420,1.0,26730,8820,18240,5400,12600,25760,6000,20800,3600,16200,0,17917,13020,6240
511395,512815,The Forbidden Chakra,22,0.0565,26730,8820,18240,5400,12600,25760,6000,20800,3600,16200,0,17939,13020,6240
512684,513304,Leaping Opo,460,1.0,26730,8820,18240,5400,12600,26220,6000,20800,3600,16200,0,17939,13020,6240
513830,514362,Auto,90,1.0,26820,8820,18240,5400,12600,26220,6000,20800,3600,16200,0,17939,13020,6240
513334,514754,The Forbidden Chakra,78,0.1954,26820,8820,18240,5400,12600,26220,6000,20800,3600,16200,0,18017,13020,6240
514625,515515,Rising Raptor,540,1.0,26820,8820,18240,5400,12600,26220,6000,20800,3600,16740,0,18017,13020,6240
515870,516402,Auto,90,1.0,26910,8820,18240,5400,12600,26220,6000,20800,3600,16740,0,18017,13020,6240
515275,516695,The Forbidden Chakra,20,0.0517,26910,8820,18240,5400,12600,26220,6000,20800,3600,16740,0,18037,13020,6240
516565,517585,Pouncing Coeurl,520,1.0,26910,8820,18240,5400,12600,26220,6000,21320,3600,16740,0,18037,13020,6240
517910,518442,Auto,90,1.0,27000,8820,18240,5400,12600,26220,6000,21320,3600,16740,0,18037,13020,6240
517215,518635,The Forbidden Chakra,20,0.0514,27000,8820,18240,5400,12600,26220,6000,21320,3600,16740,0,18057,13020,6240
518505,519795,Dragon Kick,320,1.0,27000,8820,18560,5400,12600,26220,6000,21320,3600,16740,0,18057,13020,6240
519950,520482,Auto,90,1.0,27090,8820,18560,5400,12600,26220,6000,21320,3600,16740,0,18057,13020,6240
519155,520575,The Forbidden Chakra,21,0.0529,27090,8820,18560,5400,12600,26220,6000,21320,3600,16740,0,18078,13020,6240
520445,521285,Twin Snakes,420,1.0,27090,8820,18560,5400,12600,26220,6000,21320,3600,16740,0,18078,13440,6240
521095,522515,The Forbidden Chakra,21,0.0535,27090,8820,18560,5400,12600,26220,6000,21320,3600,16740,0,18099,13440,6240
521990,522522,Auto,90,1.0,27180,8820,18560,5400,12600,26220,6000,21320,3600,16740,0,18099,13440,6240
522385,523405,Pouncing Coeurl,520,1.0,27180,8820,18560,5400,12600,26220,6000,21840,3600,16740,0,18099,13440,6240
523035,524455,The Forbidden Chakra,21,0.0535,27180,8820,18560,5400,12600,26220,6000,21840,3600,16740,0,18120,13440,6240
524030,524562,Auto,90,1.0,27270,8820,18560,5400,12600,26220,6000,21840,3600,16740,0,18120,13440,6240
524325,524945,Leaping Opo,460,1.0,27270,8820,18560,5400,12600,26680,6000,21840,3600,16740,0,18120,13440,6240
524945,526365,The Forbidden Chakra,74,0.1873,27270,8820,18560,5400,12600,26680,6000,21840,3600,16740,0,18194,13440,6240
526070,526602,Auto,90,1.0,27360,8820,18560,5400,12600,26680,6000,21840,3600,16740,0,18194,13440,6240
526265,527155,Rising Raptor,540,1.0,27360,8820,18560,5400,12600,26680,6000,21840,3600,17280,0,18194,13440,6240
526915,528335,The Forbidden Chakra,24,0.0606,27360,8820,18560,5400,12600,26680,6000,21840,3600,17280,0,18218,13440,6240
528110,528642,Auto,90,1.0,27450,8820,18560,5400,12600,26680,6000,21840,3600,17280,0,18218,13440,6240
528206,529806,Demolish,420,1.0,27450,9240,18560,5400,12600,26680,6000,21840,3600,17280,0,18218,13440,6240
528856,530276,The Forbidden Chakra,23,0.0593,27450,9240,18560,5400,12600,26680,6000,21840,3600,17280,0,18241,13440,6240
530150,530682,Auto,90,1.0,27540,9240,18560,5400,12600,26680,6000,21840,3600,17280,0,18241,13440,6240
530146,531436,Dragon Kick,320,1.0,27540,9240,18880,5400,12600,26680,6000,21840,3600,17280,0,18241,13440,6240
530796,532216,The Forbidden Chakra,24,0.0613,27540,9240,18880,5400,12600,26680,6000,21840,3600,17280,0,18265,13440,6240
532190,532722,Auto,90,1.0,27630,9240,18880,5400,12600,26680,6000,21840,3600,17280,0,18265,13440,6240
532086,532926,Twin Snakes,420,1.0,27630,9240,18880,5400,12600,26680,6000,21840,3600,17280,0,18265,13860,6240
532736,534156,The Forbidden Chakra,21,0.0535,27630,9240,18880,5400,12600,26680,6000,21840,3600,17280,0,18286,13860,6240
534230,534762,Auto,90,1.0,27720,9240,18880,5400,12600,26680,6000,21840,3600,17280,0,18286,13860,6240
534026,535046,Pouncing Coeurl,520,1.0,27720,9240,18880,5400,12600,26680,6000,22360,3600,17280,0,18286,13860,6240
534676,536096,The Forbidden Chakra,22,0.0574,27720,9240,18880,5400,12600,26680,6000,22360,3600,17280,0,18308,13860,6240
535966,536586,Leaping Opo,460,1.0,27720,9240,18880,5400,12600,27140,6000,22360,3600,17280,0,18308,13860,6240
536270,536802,Auto,90,1.0,27810,9240,18880,5400,12600,27140,6000,22360,3600,17280,0,18308,13860,6240
536616,538036,The Forbidden Chakra,84,0.2118,27810,9240,18880,5400,12600,27140,6000,22360,3600,17280,0,18392,13860,6240
537906,538796,Rising Raptor,540,1.0,27810,9240,18880,5400,12600,27140,6000,22360,3600,17820,0,18392,13860,6240
538310,538842,Auto,90,1.0,27900,9240,18880,5400,12600,27140,6000,22360,3600,17820,0,18392,13860,6240
538526,539946,The Forbidden Chakra,21,0.0549,27900,9240,18880,5400,12600,27140,6000,22360,3600,17820,0,18413,13860,6240
539846,540866,Pouncing Coeurl,520,1.0,27900,9240,18880,5400,12600,27140,6000,22880,3600,17820,0,18413,13860,6240
540350,540882,Auto,90,1.0,27990,9240,18880,5400,12600,27140,6000,22880,3600,17820,0,18413,13860,6240
540496,541916,The Forbidden Chakra,22,0.0566,27990,9240,18880,5400,12600,27140,6000,22880,3600,17820,0,18435,13860,6240
542390,542922,Auto,90,1.0,28080,9240,18880,5400,12600,27140,6000,22880,3600,17820,0,18435,13860,6240
541786,543076,Dragon Kick,320,1.0,28080,9240,19200,5400,12600,27140,6000,22880,3600,17820,0,18435,13860,6240
542436,543856,The Forbidden Chakra,21,0.0526,28080,9240,19200,5400,12600,27140,6000,22880,3600,17820,0,18456,13860,6240
543726,544566,Twin Snakes,420,1.0,28080,9240,19200,5400,12600,27140,6000,22880,3600,17820,0,18456,14280,6240
544430,544962,Auto,90,1.0,28170,9240,19200,5400,12600,27140,6000,22880,3600,17820,0,18456,14280,6240
544376,545796,The Forbidden Chakra,22,0.0555,28170,9240,19200,5400,12600,27140,6000,22880,3600,17820,0,18478,14280,6240
546470,547002,Auto,90,1.0,28260,9240,19200,5400,12600,27140,6000,22880,3600,17820,0,18478,14280,6240
545666,547266,Demolish,420,1.0,28260,9660,19200,5400,12600,27140,6000,22880,3600,17820,0,18478,14280,6240
547607,548227,Leaping Opo,460,1.0,28260,9660,19200,5400,12600,27600,6000,22880,3600,17820,0,18478,14280,6240
548510,549042,Auto,90,1.0,28350,9660,19200,5400,12600,27600,6000,22880,3600,17820,0,18478,14280,6240
548257,549677,The Forbidden Chakra,97,0.2442,28350,9660,19200,5400,12600,27600,6000,22880,3600,17820,0,18575,14280,6240
549547,550967,Fire's Reply,1400,1.0,28350,9660,19200,5400,14000,27600,6000,22880,3600,17820,0,18575,14280,6240
550550,551082,Auto,90,1.0,28440,9660,19200,5400,14000,27600,6000,22880,3600,17820,0,18575,14280,6240
550197,551617,The Forbidden Chakra,22,0.0556,28440,9660,19200,5400,14000,27600,6000,22880,3600,17820,0,18597,14280,6240
551487,552777,Dragon Kick,320,1.0,28440,9660,19520,5400,14000,27600,6000,22880,3600,17820,0,18597,14280,6240
552590,553122,Auto,90,1.0,28530,9660,19520,5400,14000,27600,6000,22880,3600,17820,0,18597,14280,6240
553427,554047,Leaping Opo,460,1.0,28530,9660,19520,5400,14000,28060,6000,22880,3600,17820,0,18597,14280,6240
552757,554177,The Forbidden Chakra,23,0.058,28530,9660,19520,5400,14000,28060,6000,22880,3600,17820,0,18620,14280,6240
554630,555162,Auto,90,1.0,28620,9660,19520,5400,14000,28060,6000,22880,3600,17820,0,18620,14280,6240
554697,556117,The Forbidden Chakra,80,0.2015,28620,9660,19520,5400,14000,28060,6000,22880,3600,17820,0,18700,14280,6240
555650,556182,Auto,90,1.0,28710,9660,19520,5400,14000,28060,6000,22880,3600,17820,0,18700,14280,6240
555367,556567,Wind's Reply,1040,1.0,28710,9660,19520,5400,14000,28060,6000,22880,3600,17820,0,18700,14280,7280
556670,557202,Auto,90,1.0,28800,9660,19520,5400,14000,28060,6000,22880,3600,17820,0,18700,14280,7280
556017,557437,The Forbidden Chakra,20,0.0513,28800,9660,19520,5400,14000,28060,6000,22880,3600,17820,0,18720,14280,7280
557307,558197,Rising Raptor,540,1.0,28800,9660,19520,5400,14000,28060,6000,22880,3600,18360,0,18720,14280,7280
557690,558222,Auto,90,1.0,28890,9660,19520,5400,14000,28060,6000,22880,3600,18360,0,18720,14280,7280
558710,559242,Auto,90,1.0,28980,9660,19520,5400,14000,28060,6000,22880,3600,18360,0,18720,14280,7280
557957,559377,The Forbidden Chakra,24,0.0615,28980,9660,19520,5400,14000,28060,6000,22880,3600,18360,0,18744,14280,7280
559730,560262,Auto,90,1.0,29070,9660,19520,5400,14000,28060,6000,22880,3600,18360,0,18744,14280,7280
559247,560267,Pouncing Coeurl,520,1.0,29070,9660,19520,5400,14000,28060,6000,23400,3600,18360,0,18744,14280,7280
560750,561282,Auto,90,1.0,29160,9660,19520,5400,14000,28060,6000,23400,3600,18360,0,18744,14280,7280
559897,561317,The Forbidden Chakra,20,0.0524,29160,9660,19520,5400,14000,28060,6000,23400,3600,18360,0,18764,14280,7280
561187,561947,Rising Phoenix,900,1.0,29160,9660,19520,5400,14000,28060,6000,23400,4500,18360,0,18764,14280,7280
561770,562302,Auto,90,1.0,29250,9660,19520,5400,14000,28060,6000,23400,4500,18360,0,18764,14280,7280
561837,563257,The Forbidden Chakra,23,0.0578,29250,9660,19520,5400,14000,28060,6000,23400,4500,18360,0,18787,14280,7280
562790,563322,Auto,90,1.0,29340,9660,19520,5400,14000,28060,6000,23400,4500,18360,0,18787,14280,7280
563810,564342,Auto,90,1.0,29430,9660,19520,5400,14000,28060,6000,23400,4500,18360,0,18787,14280,7280
563127,564417,Dragon Kick,320,1.0,29430,9660,19840,5400,14000,28060,6000,23400,4500,18360,0,18787,14280,7280
563777,565197,The Forbidden Chakra,22,0.0551,29430,9660,19840,5400,14000,28060,6000,23400,4500,18360,0,18809,14280,7280
564830,565362,Auto,90,1.0,29520,9660,19840,5400,14000,28060,6000,23400,4500,18360,0,18809,14280,7280
565067,565907,Twin Snakes,420,1.0,29520,9660,19840,5400,14000,28060,6000,23400,4500,18360,0,18809,14700,7280
565850,566382,Auto,90,1.0,29610,9660,19840,5400,14000,28060,6000,23400,4500,18360,0,18809,14700,7280
565717,567137,The Forbidden Chakra,20,0.0508,29610,9660,19840,5400,14000,28060,6000,23400,4500,18360,0,18829,14700,7280
566870,567402,Auto,90,1.0,29700,9660,19840,5400,14000,28060,6000,23400,4500,18360,0,18829,14700,7280
567007,568027,Pouncing Coeurl,520,1.0,29700,9660,19840,5400,14000,28060,6000,23920,4500,18360,0,18829,14700,7280
567890,568422,Auto,90,1.0,29790,9660,19840,5400,14000,28060,6000,23920,4500,18360,0,18829,14700,7280
567657,569077,The Forbidden Chakra,21,0.0543,29790,9660,19840,5400,14000,28060,6000,23920,4500,18360,0,18850,14700,7280
568910,569442,Auto,90,1.0,29880,9660,19840,5400,14000,28060,6000,23920,4500,18360,0,18850,14700,7280
568948,569568,Leaping Opo,460,1.0,29880,9660,19840,5400,14000,28520,6000,23920,4500,18360,0,18850,14700,7280
569930,570462,Auto,90,1.0,29970,9660,19840,5400,14000,28520,6000,23920,4500,18360,0,18850,14700,7280
569598,571018,The Forbidden Chakra,77,0.1926,29970,9660,19840,5400,14000,28520,6000,23920,4500,18360,0,18927,14700,7280
570888,571778,Rising Raptor,540,1.0,29970,9660,19840,5400,14000,28520,6000,23920,4500,18900,0,18927,14700,7280
571970,572502,Auto,90,1.0,30060,9660,19840,5400,14000,28520,6000,23920,4500,18900,0,18927,14700,7280
571538,572958,The Forbidden Chakra,22,0.0559,30060,9660,19840,5400,14000,28520,6000,23920,4500,18900,0,18949,14700,7280
572828,574428,Demolish,420,1.0,30060,10080,19840,5400,14000,28520,6000,23920,4500,18900,0,18949,14700,7280
574010,574542,Auto,90,1.0,30150,10080,19840,5400,14000,28520,6000,23920,4500,18900,0,18949,14700,7280
573478,574898,The Forbidden Chakra,23,0.0575,30150,10080,19840,5400,14000,28520,6000,23920,4500,18900,0,18972,14700,7280
574768,576058,Dragon Kick,320,1.0,30150,10080,20160,5400,14000,28520,6000,23920,4500,18900,0,18972,14700,7280
576050,576582,Auto,90,1.0,30240,10080,20160,5400,14000,28520,6000,23920,4500,18900,0,18972,14700,7280
575388,576808,The Forbidden Chakra,24,0.0609,30240,10080,20160,5400,14000,28520,6000,23920,4500,18900,0,18996,14700,7280
576708,577548,Twin Snakes,420,1.0,30240,10080,20160,5400,14000,28520,6000,23920,4500,18900,0,18996,15120,7280
578090,578622,Auto,90,1.0,30330,10080,20160,5400,14000,28520,6000,23920,4500,18900,0,18996,15120,7280
577358,578778,The Forbidden Chakra,21,0.0546,30330,10080,20160,5400,14000,28520,6000,23920,4500,18900,0,19017,15120,7280
578648,579668,Pouncing Coeurl,520,1.0,30330,10080,20160,5400,14000,28520,6000,24440,4500,18900,0,19017,15120,7280
580130,580662,Auto,90,1.0,30420,10080,20160,5400,14000,28520,6000,24440,4500,18900,0,19017,15120,7280
579298,580718,The Forbidden Chakra,23,0.0597,30420,10080,20160,5400,14000,28520,6000,24440,4500,18900,0,19040,15120,7280
580588,581208,Leaping Opo,460,1.0,30420,10080,20160,5400,14000,28980,6000,24440,4500,18900,0,19040,15120,7280
581238,582658,The Forbidden Chakra,79,0.1988,30420,10080,20160,5400,14000,28980,6000,24440,4500,18900,0,19119,15120,7280
582170,582702,Auto,90,1.0,30510,10080,20160,5400,14000,28980,6000,24440,4500,18900,0,19119,15120,7280
582528,583418,Rising Raptor,540,1.0,30510,10080,20160,5400,14000,28980,6000,24440,4500,19440,0,19119,15120,7280
583178,584598,The Forbidden Chakra,22,0.0574,30510,10080,20160,5400,14000,28980,6000,24440,4500,19440,0,19141,15120,7280
584210,584742,Auto,90,1.0,30600,10080,20160,5400,14000,28980,6000,24440,4500,19440,0,19141,15120,7280
584468,585488,Pouncing Coeurl,520,1.0,30600,10080,20160,5400,14000,28980,6000,24960,4500,19440,0,19141,15120,7280
585118,586538,The Forbidden Chakra,22,0.0573,30600,10080,20160,5400,14000,28980,6000,24960,4500,19440,0,19163,15120,7280
586250,586782,Auto,90,1.0,30690,10080,20160,5400,14000,28980,6000,24960,4500,19440,0,19163,15120,7280
586408,587698,Dragon Kick,320,1.0,30690,10080,20480,5400,14000,28980,6000,24960,4500,19440,0,19163,15120,7280
587058,588478,The Forbidden Chakra,20,0.0523,30690,10080,20480,5400,14000,28980,6000,24960,4500,19440,0,19183,15120,7280
588290,588822,Auto,90,1.0,30780,10080,20480,5400,14000,28980,6000,24960,4500,19440,0,19183,15120,7280
588348,589188,Twin Snakes,420,1.0,30780,10080,20480,5400,14000,28980,6000,24960,4500,19440,0,19183,15540,7280
588998,590418,The Forbidden Chakra,21,0.0539,30780,10080,20480,5400,14000,28980,6000,24960,4500,19440,0,19204,15540,7280
590330,590862,Auto,90,1.0,30870,10080,20480,5400,14000,28980,6000,24960,4500,19440,0,19204,15540,7280
590289,591889,Demolish,420,1.0,30870,10500,20480,5400,14000,28980,6000,24960,4500,19440,0,19204,15540,7280
590939,592359,The Forbidden Chakra,23,0.0592,30870,10500,20480,5400,14000,28980,6000,24960,4500,19440,0,19227,15540,7280
592229,592849,Leaping Opo,460,1.0,30870,10500,20480,5400,14000,29440,6000,24960,4500,19440,0,19227,15540,7280
592370,592902,Auto,90,1.0,30960,10500,20480,5400,14000,29440,6000,24960,4500,19440,0,19227,15540,7280
592879,594299,The Forbidden Chakra,79,0.1976,30960,10500,20480,5400,14000,29440,6000,24960,4500,19440,0,19306,15540,7280
594410,594942,Auto,90,1.0,31050,10500,20480,5400,14000,29440,6000,24960,4500,19440,0,19306,15540,7280
594169,595059,Rising Raptor,540,1.0,31050,10500,20480,5400,14000,29440,6000,24960,4500,19980,0,19306,15540,7280
594819,596239,The Forbidden Chakra,23,0.0593,31050,10500,20480,5400,14000,29440,6000,24960,4500,19980,0,19329,15540,7280
596450,596982,Auto,90,1.0,31140,10500,20480,5400,14000,29440,6000,24960,4500,19980,0,19329,15540,7280
596109,597129,Pouncing Coeurl,520,1.0,31140,10500,20480,5400,14000,29440,6000,25480,4500,19980,0,19329,15540,7280
596759,598179,The Forbidden Chakra,20,0.0517,31140,10500,20480,5400,14000,29440,6000,25480,4500,19980,0,19349,15540,7280
598490,599022,Auto,90,1.0,31230,10500,20480,5400,14000,29440,6000,25480,4500,19980,0,19349,15540,7280
598049,599339,Dragon Kick,320,1.0,31230,10500,20800,5400,14000,29440,6000,25480,4500,19980,0,19349,15540,7280
598699,600119,The Forbidden Chakra,22,0.0572,31230,10500,20800,5400,14000,29440,6000,25480,4500,19980,0,19371,15540,7280
599989,600829,Twin Snakes,420,1.0,31230,10500,20800,5400,14000,29440,6000,25480,4500,19980,0,19371,15960,7280
600530,601062,Auto,90,1.0,31320,10500,20800,5400,14000,29440,6000,25480,4500,19980,0,19371,15960,7280
600639,602059,The Forbidden Chakra,21,0.0533,31320,10500,20800,5400,14000,29440,6000,25480,4500,19980,0,19392,15960,7280
601929,602949,Pouncing Coeurl,520,1.0,31320,10500,20800,5400,14000,29440,6000,26000,4500,19980,0,19392,15960,7280
602570,603102,Auto,90,1.0,31410,10500,20800,5400,14000,29440,6000,26000,4500,19980,0,19392,15960,7280
602579,603999,The Forbidden Chakra,23,0.0589,31410,10500,20800,5400,14000,29440,6000,26000,4500,19980,0,19415,15960,7280
603869,604489,Leaping Opo,460,1.0,31410,10500,20800,5400,14000,29900,6000,26000,4500,19980,0,19415,15960,7280
604610,605142,Auto,90,1.0,31500,10500,20800,5400,14000,29900,6000,26000,4500,19980,0,19415,15960,7280
605139,606559,The Forbidden Chakra,81,0.2042,31500,10500,20800,5400,14000,29900,6000,26000,4500,19980,0,19496,15960,7280
605809,607099,Dragon Kick,320,1.0,31500,10500,21120,5400,14000,29900,6000,26000,4500,19980,0,19496,15960,7280
606650,607182,Auto,90,1.0,31590,10500,21120,5400,14000,29900,6000,26000,4500,19980,0,19496,15960,7280
607749,608369,Leaping Opo,460,1.0,31590,10500,21120,5400,14000,30360,6000,26000,4500,19980,0,19496,15960,7280
608690,609222,Auto,90,1.0,31680,10500,21120,5400,14000,30360,6000,26000,4500,19980,0,19496,15960,7280
608369,609789,The Forbidden Chakra,199,0.4984,31680,10500,21120,5400,14000,30360,6000,26000,4500,19980,0,19695,15960,7280
609019,610439,The Forbidden Chakra,48,0.1213,31680,10500,21120,5400,14000,30360,6000,26000,4500,19980,0,19743,15960,7280
609690,610980,Dragon Kick,320,1.0,31680,10500,21440,5400,14000,30360,6000,26000,4500,19980,0,19743,15960,7280
610730,611262,Auto,90,1.0,31770,10500,21440,5400,14000,30360,6000,26000,4500,19980,0,19743,15960,7280
610340,611760,The Forbidden Chakra,97,0.2431,31770,10500,21440,5400,14000,30360,6000,26000,4500,19980,0,19840,15960,7280
611630,612030,Phantom Rush,1500,1.0,31770,10500,21440,5400,14000,30360,7500,26000,4500,19980,0,19840,15960,7280
610920,612340,The Forbidden Chakra,32,0.0804,31770,10500,21440,5400,14000,30360,7500,26000,4500,19980,0,19872,15960,7280
612770,613302,Auto,90,1.0,31860,10500,21440,5400,14000,30360,7500,26000,4500,19980,0,19872,15960,7280
612250,613670,The Forbidden Chakra,268,0.6713,31860,10500,21440,5400,14000,30360,7500,26000,4500,19980,0,20140,15960,7280
613570,614190,Leaping Opo,460,1.0,31860,10500,21440,5400,14000,30820,7500,26000,4500,19980,0,20140,15960,7280
612900,614320,The Forbidden Chakra,2,0.0061,31860,10500,21440,5400,14000,30820,7500,26000,4500,19980,0,20142,15960,7280
614810,615342,Auto,90,1.0,31950,10500,21440,5400,14000,30820,7500,26000,4500,19980,0,20142,15960,7280
614220,615640,The Forbidden Chakra,268,0.6704,31950,10500,21440,5400,14000,30820,7500,26000,4500,19980,0,20410,15960,7280
614800,616220,The Forbidden Chakra,3,0.0081,31950,10500,21440,5400,14000,30820,7500,26000,4500,19980,0,20413,15960,7280
615510,616930,Fire's Reply,1400,1.0,31950,10500,21440,5400,15400,30820,7500,26000,4500,19980,0,20413,15960,7280
616850,617382,Auto,90,1.0,32040,10500,21440,5400,15400,30820,7500,26000,4500,19980,0,20413,15960,7280
616130,617550,The Forbidden Chakra,98,0.2453,32040,10500,21440,5400,15400,30820,7500,26000,4500,19980,0,20511,15960,7280
616780,618200,The Forbidden Chakra,16,0.0419,32040,10500,21440,5400,15400,30820,7500,26000,4500,19980,0,20527,15960,7280
617450,618740,Dragon Kick,320,1.0,32040,10500,21760,5400,15400,30820,7500,26000,4500,19980,0,20527,15960,7280
618890,619422,Auto,90,1.0,32130,10500,21760,5400,15400,30820,7500,26000,4500,19980,0,20527,15960,7280
619390,620010,Leaping Opo,460,1.0,32130,10500,21760,5400,15400,31280,7500,26000,4500,19980,0,20527,15960,7280
618720,620140,The Forbidden Chakra,202,0.5056,32130,10500,21760,5400,15400,31280,7500,26000,4500,19980,0,20729,15960,7280
620040,621460,The Forbidden Chakra,304,0.7601,32130,10500,21760,5400,15400,31280,7500,26000,4500,19980,0,21033,15960,7280
620930,621462,Auto,90,1.0,32220,10500,21760,5400,15400,31280,7500,26000,4500,19980,0,21033,15960,7280
620620,622040,The Forbidden Chakra,19,0.049,32220,10500,21760,5400,15400,31280,7500,26000,4500,19980,0,21052,15960,7280
621330,622620,Dragon Kick,320,1.0,32220,10500,22080,5400,15400,31280,7500,26000,4500,19980,0,21052,15960,7280
621950,623370,The Forbidden Chakra,112,0.281,32220,10500,22080,5400,15400,31280,7500,26000,4500,19980,0,21164,15960,7280
622970,623502,Auto,90,1.0,32310,10500,22080,5400,15400,31280,7500,26000,4500,19980,0,21164,15960,7280
623270,623890,Leaping Opo,460,1.0,32310,10500,22080,5400,15400,31740,7500,26000,4500,19980,0,21164,15960,7280
623920,625340,The Forbidden Chakra,325,0.8146,32310,10500,22080,5400,15400,31740,7500,26000,4500,19980,0,21489,15960,7280
625010,625542,Auto,90,1.0,32400,10500,22080,5400,15400,31740,7500,26000,4500,19980,0,21489,15960,7280
624500,625920,The Forbidden Chakra,8,0.0217,32400,10500,22080,5400,15400,31740,7500,26000,4500,19980,0,21497,15960,7280
625210,626630,Elixir Burst,900,1.0,32400,10500,22080,6300,15400,31740,7500,26000,4500,19980,0,21497,15960,7280
625830,627250,The Forbidden Chakra,129,0.3235,32400,10500,22080,6300,15400,31740,7500,26000,4500,19980,0,21626,15960,7280
627050,627582,Auto,90,1.0,32490,10500,22080,6300,15400,31740,7500,26000,4500,19980,0,21626,15960,7280
626480,627900,The Forbidden Chakra,16,0.0414,32490,10500,22080,6300,15400,31740,7500,26000,4500,19980,0,21642,15960,7280
627150,628440,Dragon Kick,320,1.0,32490,10500,22400,6300,15400,31740,7500,26000,4500,19980,0,21642,15960,7280
627770,629190,The Forbidden Chakra,103,0.2575,32490,10500,22400,6300,15400,31740,7500,26000,4500,19980,0,21745,15960,7280
629090,629622,Auto,90,1.0,32580,10500,22400,6300,15400,31740,7500,26000,4500,19980,0,21745,15960,7280
629090,629980,Rising Raptor,540,1.0,32580,10500,22400,6300,15400,31740,7500,26000,4500,20520,0,21745,15960,7280
629740,631160,The Forbidden Chakra,24,0.0615,32580,10500,22400,6300,15400,31740,7500,26000,4500,20520,0,21769,15960,7280
631130,631662,Auto,90,1.0,32670,10500,22400,6300,15400,31740,7500,26000,4500,20520,0,21769,15960,7280
631031,632631,Demolish,420,1.0,32670,10920,22400,6300,15400,31740,7500,26000,4500,20520,0,21769,15960,7280
631681,633101,The Forbidden Chakra,24,0.0601,32670,10920,22400,6300,15400,31740,7500,26000,4500,20520,0,21793,15960,7280
632971,633591,Leaping Opo,460,1.0,32670,10920,22400,6300,15400,32200,7500,26000,4500,20520,0,21793,15960,7280
633170,633702,Auto,90,1.0,32760,10920,22400,6300,15400,32200,7500,26000,4500,20520,0,21793,15960,7280
633621,635041,The Forbidden Chakra,77,0.1936,32760,10920,22400,6300,15400,32200,7500,26000,4500,20520,0,21870,15960,7280
635210,635742,Auto,90,1.0,32850,10920,22400,6300,15400,32200,7500,26000,4500,20520,0,21870,15960,7280
634911,635751,Twin Snakes,420,1.0,32850,10920,22400,6300,15400,32200,7500,26000,4500,20520,0,21870,16380,7280
635561,636981,The Forbidden Chakra,24,0.0602,32850,10920,22400,6300,15400,32200,7500,26000,4500,20520,0,21894,16380,7280
637250,637782,Auto,90,1.0,32940,10920,22400,6300,15400,32200,7500,26000,4500,20520,0,21894,16380,7280
636851,637871,Pouncing Coeurl,520,1.0,32940,10920,22400,6300,15400,32200,7500,26520,4500,20520,0,21894,16380,7280
637501,638921,The Forbidden Chakra,23,0.0582,32940,10920,22400,6300,15400,32200,7500,26520,4500,20520,0,21917,16380,7280
639290,639822,Auto,90,1.0,33030,10920,22400,6300,15400,32200,7500,26520,4500,20520,0,21917,16380,7280
638791,640081,Dragon Kick,320,1.0,33030,10920,22720,6300,15400,32200,7500,26520,4500,20520,0,21917,16380,7280
639441,640861,The Forbidden Chakra,20,0.0521,33030,10920,22720,6300,15400,32200,7500,26520,4500,20520,0,21937,16380,7280
640731,641621,Rising Raptor,540,1.0,33030,10920,22720,6300,15400,32200,7500,26520,4500,21060,0,21937,16380,7280
641330,641862,Auto,90,1.0,33120,10920,22720,6300,15400,32200,7500,26520,4500,21060,0,21937,16380,7280
641381,642801,The Forbidden Chakra,22,0.0553,33120,10920,22720,6300,15400,32200,7500,26520,4500,21060,0,21959,16380,7280
642671,643691,Pouncing Coeurl,520,1.0,33120,10920,22720,6300,15400,32200,7500,27040,4500,21060,0,21959,16380,7280
643370,643902,Auto,90,1.0,33210,10920,22720,6300,15400,32200,7500,27040,4500,21060,0,21959,16380,7280
643321,644741,The Forbidden Chakra,23,0.0585,33210,10920,22720,6300,15400,32200,7500,27040,4500,21060,0,21982,16380,7280
644611,645231,Leaping Opo,460,1.0,33210,10920,22720,6300,15400,32660,7500,27040,4500,21060,0,21982,16380,7280
645410,645942,Auto,90,1.0,33300,10920,22720,6300,15400,32660,7500,27040,4500,21060,0,21982,16380,7280
646430,646962,Auto,90,1.0,33390,10920,22720,6300,15400,32660,7500,27040,4500,21060,0,21982,16380,7280
645881,647301,The Forbidden Chakra,78,0.1956,33390,10920,22720,6300,15400,32660,7500,27040,4500,21060,0,22060,16380,7280
646551,647751,Wind's Reply,1040,1.0,33390,10920,22720,6300,15400,32660,7500,27040,4500,21060,0,22060,16380,8320
647450,647982,Auto,90,1.0,33480,10920,22720,6300,15400,32660,7500,27040,4500,21060,0,22060,16380,8320
647201,648621,The Forbidden Chakra,23,0.0599,33480,10920,22720,6300,15400,32660,7500,27040,4500,21060,0,22083,16380,8320
648470,649002,Auto,90,1.0,33570,10920,22720,6300,15400,32660,7500,27040,4500,21060,0,22083,16380,8320
648491,649331,Twin Snakes,420,1.0,33570,10920,22720,6300,15400,32660,7500,27040,4500,21060,0,22083,16800,8320
649490,650022,Auto,90,1.0,33660,10920,22720,6300,15400,32660,7500,27040,4500,21060,0,22083,16800,8320
649141,650561,The Forbidden Chakra,24,0.0603,33660,10920,22720,6300,15400,32660,7500,27040,4500,21060,0,22107,16800,8320
650510,651042,Auto,90,1.0,33750,10920,22720,6300,15400,32660,7500,27040,4500,21060,0,22107,16800,8320
650431,652031,Demolish,420,1.0,33750,11340,22720,6300,15400,32660,7500,27040,4500,21060,0,22107,16800,8320
651530,652062,Auto,90,1.0,33840,11340,22720,6300,15400,32660,7500,27040,4500,21060,0,22107,16800,8320
651081,652501,The Forbidden Chakra,24,0.0603,33840,11340,22720,6300,15400,32660,7500,27040,4500,21060,0,22131,16800,8320
652550,653082,Auto,90,1.0,33930,11340,22720,6300,15400,32660,7500,27040,4500,21060,0,22131,16800,8320
652372,653662,Dragon Kick,320,1.0,33930,11340,23040,6300,15400,32660,7500,27040,4500,21060,0,22131,16800,8320
653570,654102,Auto,90,1.0,34020,11340,23040,6300,15400,32660,7500,27040,4500,21060,0,22131,16800,8320
653022,654442,The Forbidden Chakra,22,0.0553,34020,11340,23040,6300,15400,32660,7500,27040,4500,21060,0,22153,16800,8320
654590,655122,Auto,90,1.0,34110,11340,23040,6300,15400,32660,7500,27040,4500,21060,0,22153,16800,8320
654312,655202,Rising Raptor,540,1.0,34110,11340,23040,6300,15400,32660,7500,27040,4500,21600,0,22153,16800,8320
655610,656142,Auto,90,1.0,34200,11340,23040,6300,15400,32660,7500,27040,4500,21600,0,22153,16800,8320
654962,656382,The Forbidden Chakra,22,0.056,34200,11340,23040,6300,15400,32660,7500,27040,4500,21600,0,22175,16800,8320
656630,657162,Auto,90,1.0,34290,11340,23040,6300,15400,32660,7500,27040,4500,21600,0,22175,16800,8320
656252,657272,Pouncing Coeurl,520,1.0,34290,11340,23040,6300,15400,32660,7500,27560,4500,21600,0,22175,16800,8320
657650,658182,Auto,90,1.0,34380,11340,23040,6300,15400,32660,7500,27560,4500,21600,0,22175,16800,8320
656902,658322,The Forbidden Chakra,22,0.0553,34380,11340,23040,6300,15400,32660,7500,27560,4500,21600,0,22197,16800,8320
658192,658812,Leaping Opo,460,1.0,34380,11340,23040,6300,15400,33120,7500,27560,4500,21600,0,22197,16800,8320
658670,659202,Auto,90,1.0,34470,11340,23040,6300,15400,33120,7500,27560,4500,21600,0,22197,16800,8320
659690,660222,Auto,90,1.0,34560,11340,23040,6300,15400,33120,7500,27560,4500,21600,0,22197,16800,8320
658842,660262,The Forbidden Chakra,81,0.2041,34560,11340,23040,6300,15400,33120,7500,27560,4500,21600,0,22278,16800,8320
660132,660972,Twin Snakes,420,1.0,34560,11340,23040,6300,15400,33120,7500,27560,4500,21600,0,22278,17220,8320
660710,661242,Auto,90,1.0,34650,11340,23040,6300,15400,33120,7500,27560,4500,21600,0,22278,17220,8320
660782,662202,The Forbidden Chakra,22,0.0571,34650,11340,23040,6300,15400,33120,7500,27560,4500,21600,0,22300,17220,8320
661730,662262,Auto,90,1.0,34740,11340,23040,6300,15400,33120,7500,27560,4500,21600,0,22300,17220,8320
662072,663092,Pouncing Coeurl,520,1.0,34740,11340,23040,6300,15400,33120,7500,28080,4500,21600,0,22300,17220,8320
662722,664142,The Forbidden Chakra,20,0.0514,34740,11340,23040,6300,15400,33120,7500,28080,4500,21600,0,22320,17220,8320
663770,664302,Auto,90,1.0,34830,11340,23040,6300,15400,33120,7500,28080,4500,21600,0,22320,17220,8320
664012,665302,Dragon Kick,320,1.0,34830,11340,23360,6300,15400,33120,7500,28080,4500,21600,0,22320,17220,8320
664632,666052,The Forbidden Chakra,22,0.0556,34830,11340,23360,6300,15400,33120,7500,28080,4500,21600,0,22342,17220,8320
665810,666342,Auto,90,1.0,34920,11340,23360,6300,15400,33120,7500,28080,4500,21600,0,22342,17220,8320
665952,666842,Rising Raptor,540,1.0,34920,11340,23360,6300,15400,33120,7500,28080,4500,22140,0,22342,17220,8320
667850,668382,Auto,90,1.0,35010,11340,23360,6300,15400,33120,7500,28080,4500,22140,0,22342,17220,8320
667892,669492,Demolish,420,1.0,35010,11760,23360,6300,15400,33120,7500,28080,4500,22140,0,22342,17220,8320
668542,669962,The Forbidden Chakra,45,0.1136,35010,11760,23360,6300,15400,33120,7500,28080,4500,22140,0,22387,17220,8320
669890,670422,Auto,90,1.0,35100,11760,23360,6300,15400,33120,7500,28080,4500,22140,0,22387,17220,8320
669832,670452,Leaping Opo,460,1.0,35100,11760,23360,6300,15400,33580,7500,28080,4500,22140,0,22387,17220,8320
670482,671902,The Forbidden Chakra,77,0.1928,35100,11760,23360,6300,15400,33580,7500,28080,4500,22140,0,22464,17220,8320
671930,672462,Auto,90,1.0,35190,11760,23360,6300,15400,33580,7500,28080,4500,22140,0,22464,17220,8320
671773,673193,Fire's Reply,1400,1.0,35190,11760,23360,6300,16800,33580,7500,28080,4500,22140,0,22464,17220,8320
672423,673843,The Forbidden Chakra,21,0.0526,35190,11760,23360,6300,16800,33580,7500,28080,4500,22140,0,22485,17220,8320
673970,674502,Auto,90,1.0,35280,11760,23360,6300,16800,33580,7500,28080,4500,22140,0,22485,17220,8320
673713,675003,Dragon Kick,320,1.0,35280,11760,23680,6300,16800,33580,7500,28080,4500,22140,0,22485,17220,8320
675653,676273,Leaping Opo,460,1.0,35280,11760,23680,6300,16800,34040,7500,28080,4500,22140,0,22485,17220,8320
674983,676403,The Forbidden Chakra,24,0.0615,35280,11760,23680,6300,16800,34040,7500,28080,4500,22140,0,22509,17220,8320
676010,676542,Auto,90,1.0,35370,11760,23680,6300,16800,34040,7500,28080,4500,22140,0,22509,17220,8320
676303,677723,The Forbidden Chakra,82,0.2054,35370,11760,23680,6300,16800,34040,7500,28080,4500,22140,0,22591,17220,8320
677593,678433,Twin Snakes,420,1.0,35370,11760,23680,6300,16800,34040,7500,28080,4500,22140,0,22591,17640,8320
678050,678582,Auto,90,1.0,35460,11760,23680,6300,16800,34040,7500,28080,4500,22140,0,22591,17640,8320
678243,679663,The Forbidden Chakra,20,0.051,35460,11760,23680,6300,16800,34040,7500,28080,4500,22140,0,22611,17640,8320
679533,680553,Pouncing Coeurl,520,1.0,35460,11760,23680,6300,16800,34040,7500,28600,4500,22140,0,22611,17640,8320
680090,680622,Auto,90,1.0,35550,11760,23680,6300,16800,34040,7500,28600,4500,22140,0,22611,17640,8320
680183,681603,The Forbidden Chakra,22,0.0552,35550,11760,23680,6300,16800,34040,7500,28600,4500,22140,0,22633,17640,8320
681473,682233,Rising Phoenix,900,1.0,35550,11760,23680,6300,16800,34040,7500,28600,5400,22140,0,22633,17640,8320
682130,682662,Auto,90,1.0,35640,11760,23680,6300,16800,34040,7500,28600,5400,22140,0,22633,17640,8320
682093,683513,The Forbidden Chakra,22,0.0555,35640,11760,23680,6300,16800,34040,7500,28600,5400,22140,0,22655,17640,8320
684170,684702,Auto,90,1.0,35730,11760,23680,6300,16800,34040,7500,28600,5400,22140,0,22655,17640,8320
683413,684703,Dragon Kick,320,1.0,35730,11760,24000,6300,16800,34040,7500,28600,5400,22140,0,22655,17640,8320
684063,685483,The Forbidden Chakra,22,0.0551,35730,11760,24000,6300,16800,34040,7500,28600,5400,22140,0,22677,17640,8320
685353,686243,Rising Raptor,540,1.0,35730,11760,24000,6300,16800,34040,7500,28600,5400,22680,0,22677,17640,8320
686210,686742,Auto,90,1.0,35820,11760,24000,6300,16800,34040,7500,28600,5400,22680,0,22677,17640,8320
686003,687423,The Forbidden Chakra,22,0.0557,35820,11760,24000,6300,16800,34040,7500,28600,5400,22680,0,22699,17640,8320
687293,688313,Pouncing Coeurl,520,1.0,35820,11760,24000,6300,16800,34040,7500,29120,5400,22680,0,22699,17640,8320
688250,688782,Auto,90,1.0,35910,11760,24000,6300,16800,34040,7500,29120,5400,22680,0,22699,17640,8320
687943,689363,The Forbidden Chakra,21,0.0546,35910,11760,24000,6300,16800,34040,7500,29120,5400,22680,0,22720,17640,8320
689233,689853,Leaping Opo,460,1.0,35910,11760,24000,6300,16800,34500,7500,29120,5400,22680,0,22720,17640,8320
690290,690822,Auto,90,1.0,36000,11760,24000,6300,16800,34500,7500,29120,5400,22680,0,22720,17640,8320
689883,691303,The Forbidden Chakra,79,0.1987,36000,11760,24000,6300,16800,34500,7500,29120,5400,22680,0,22799,17640,8320
691173,692013,Twin Snakes,420,1.0,36000,11760,24000,6300,16800,34500,7500,29120,5400,22680,0,22799,18060,8320
692330,692862,Auto,90,1.0,36090,11760,24000,6300,16800,34500,7500,29120,5400,22680,0,22799,18060,8320
691823,693243,The Forbidden Chakra,22,0.0554,36090,11760,24000,6300,16800,34500,7500,29120,5400,22680,0,22821,18060,8320
693114,694714,Demolish,420,1.0,36090,12180,24000,6300,16800,34500,7500,29120,5400,22680,0,22821,18060,8320
694370,694902,Auto,90,1.0,36180,12180,24000,6300,16800,34500,7500,29120,5400,22680,0,22821,18060,8320
693764,695184,The Forbidden Chakra,21,0.0549,36180,12180,24000,6300,16800,34500,7500,29120,5400,22680,0,22842,18060,8320
695054,696344,Dragon Kick,320,1.0,36180,12180,24320,6300,16800,34500,7500,29120,5400,22680,0,22842,18060,8320
696410,696942,Auto,90,1.0,36270,12180,24320,6300,16800,34500,7500,29120,5400,22680,0,22842,18060,8320
695704,697124,The Forbidden Chakra,22,0.056,36270,12180,24320,6300,16800,34500,7500,29120,5400,22680,0,22864,18060,8320
696994,697884,Rising Raptor,540,1.0,36270,12180,24320,6300,16800,34500,7500,29120,5400,23220,0,22864,18060,8320
698450,698982,Auto,90,1.0,36360,12180,24320,6300,16800,34500,7500,29120,5400,23220,0,22864,18060,8320
697614,699034,The Forbidden Chakra,24,0.06,36360,12180,24320,6300,16800,34500,7500,29120,5400,23220,0,22888,18060,8320
698934,699954,Pouncing Coeurl,520,1.0,36360,12180,24320,6300,16800,34500,7500,29640,5400,23220,0,22888,18060,8320
699584,701004,The Forbidden Chakra,23,0.0579,36360,12180,24320,6300,16800,34500,7500,29640,5400,23220,0,22911,18060,8320
700490,701022,Auto,90,1.0,36450,12180,24320,6300,16800,34500,7500,29640,5400,23220,0,22911,18060,8320
700874,701494,Leaping Opo,460,1.0,36450,12180,24320,6300,16800,34960,7500,29640,5400,23220,0,22911,18060,8320
701524,702944,The Forbidden Chakra,79,0.1999,36450,12180,24320,6300,16800,34960,7500,29640,5400,23220,0,22990,18060,8320
702530,703062,Auto,90,1.0,36540,12180,24320,6300,16800,34960,7500,29640,5400,23220,0,22990,18060,8320
702814,703654,Twin Snakes,420,1.0,36540,12180,24320,6300,16800,34960,7500,29640,5400,23220,0,22990,18480,8320
703464,704884,The Forbidden Chakra,21,0.0535,36540,12180,24320,6300,16800,34960,7500,29640,5400,23220,0,23011,18480,8320
704570,705102,Auto,90,1.0,36630,12180,24320,6300,16800,34960,7500,29640,5400,23220,0,23011,18480,8320
704754,705774,Pouncing Coeurl,520,1.0,36630,12180,24320,6300,16800,34960,7500,30160,5400,23220,0,23011,18480,8320
705404,706824,The Forbidden Chakra,20,0.0511,36630,12180,24320,6300,16800,34960,7500,30160,5400,23220,0,23031,18480,8320
706610,707142,Auto,90,1.0,36720,12180,24320,6300,16800,34960,7500,30160,5400,23220,0,23031,18480,8320
706694,707984,Dragon Kick,320,1.0,36720,12180,24640,6300,16800,34960,7500,30160,5400,23220,0,23031,18480,8320
707344,708764,The Forbidden Chakra,21,0.0539,36720,12180,24640,6300,16800,34960,7500,30160,5400,23220,0,23052,18480,8320
708650,709182,Auto,90,1.0,36810,12180,24640,6300,16800,34960,7500,30160,5400,23220,0,23052,18480,8320
708634,709524,Rising Raptor,540,1.0,36810,12180,24640,6300,16800,34960,7500,30160,5400,23760,0,23052,18480,8320
709284,710704,The Forbidden Chakra,21,0.0548,36810,12180,24640,6300,16800,34960,7500,30160,5400,23760,0,23073,18480,8320
710690,711222,Auto,90,1.0,36900,12180,24640,6300,16800,34960,7500,30160,5400,23760,0,23073,18480,8320
710574,712174,Demolish,420,1.0,36900,12600,24640,6300,16800,34960,7500,30160,5400,23760,0,23073,18480,8320
711224,712644,The Forbidden Chakra,23,0.0576,36900,12600,24640,6300,16800,34960,7500,30160,5400,23760,0,23096,18480,8320
712515,713135,Leaping Opo,460,1.0,36900,12600,24640,6300,16800,35420,7500,30160,5400,23760,0,23096,18480,8320
712730,713262,Auto,90,1.0,36990,12600,24640,6300,16800,35420,7500,30160,5400,23760,0,23096,18480,8320
713165,714585,The Forbidden Chakra,82,0.2065,36990,12600,24640,6300,16800,35420,7500,30160,5400,23760,0,23178,18480,8320
714455,715295,Twin Snakes,420,1.0,36990,12600,24640,6300,16800,35420,7500,30160,5400,23760,0,23178,18900,8320
714770,715302,Auto,90,1.0,37080,12600,24640,6300,16800,35420,7500,30160,5400,23760,0,23178,18900,8320
715075,716495,The Forbidden Chakra,23,0.0584,37080,12600,24640,6300,16800,35420,7500,30160,5400,23760,0,23201,18900,8320
716810,717342,Auto,90,1.0,37170,12600,24640,6300,16800,35420,7500,30160,5400,23760,0,23201,18900,8320
716395,717415,Pouncing Coeurl,520,1.0,37170,12600,24640,6300,16800,35420,7500,30680,5400,23760,0,23201,18900,8320
717045,718465,The Forbidden Chakra,22,0.056,37170,12600,24640,6300,16800,35420,7500,30680,5400,23760,0,23223,18900,8320
718850,719382,Auto,90,1.0,37260,12600,24640,6300,16800,35420,7500,30680,5400,23760,0,23223,18900,8320
718335,719625,Dragon Kick,320,1.0,37260,12600,24960,6300,16800,35420,7500,30680,5400,23760,0,23223,18900,8320
719605,721025,The Forbidden Chakra,21,0.0537,37260,12600,24960,6300,16800,35420,7500,30680,5400,23760,0,23244,18900,8320
720275,721165,Rising Raptor,540,1.0,37260,12600,24960,6300,16800,35420,7500,30680,5400,24300,0,23244,18900,8320
720890,721422,Auto,90,1.0,37350,12600,24960,6300,16800,35420,7500,30680,5400,24300,0,23244,18900,8320
720925,722345,The Forbidden Chakra,22,0.0567,37350,12600,24960,6300,16800,35420,7500,30680,5400,24300,0,23266,18900,8320
722215,723235,Pouncing Coeurl,520,1.0,37350,12600,24960,6300,16800,35420,7500,31200,5400,24300,0,23266,18900,8320
722930,723462,Auto,90,1.0,37440,12600,24960,6300,16800,35420,7500,31200,5400,24300,0,23266,18900,8320
722865,724285,The Forbidden Chakra,24,0.0605,37440,12600,24960,6300,16800,35420,7500,31200,5400,24300,0,23290,18900,8320
724155,724775,Leaping Opo,460,1.0,37440,12600,24960,6300,16800,35880,7500,31200,5400,24300,0,23290,18900,8320
724970,725502,Auto,90,1.0,37530,12600,24960,6300,16800,35880,7500,31200,5400,24300,0,23290,18900,8320
725425,726845,The Forbidden Chakra,81,0.2036,37530,12600,24960,6300,16800,35880,7500,31200,5400,24300,0,23371,18900,8320
726095,727385,Dragon Kick,320,1.0,37530,12600,25280,6300,16800,35880,7500,31200,5400,24300,0,23371,18900,8320
727010,727542,Auto,90,1.0,37620,12600,25280,6300,16800,35880,7500,31200,5400,24300,0,23371,18900,8320
728035,728655,Leaping Opo,460,1.0,37620,12600,25280,6300,16800,36340,7500,31200,5400,24300,0,23371,18900,8320
729050,729582,Auto,90,1.0,37710,12600,25280,6300,16800,36340,7500,31200,5400,24300,0,23371,18900,8320
728655,730075,The Forbidden Chakra,220,0.5519,37710,12600,25280,6300,16800,36340,7500,31200,5400,24300,0,23591,18900,8320
729305,730725,The Forbidden Chakra,79,0.1995,37710,12600,25280,6300,16800,36340,7500,31200,5400,24300,0,23670,18900,8320
729975,731265,Dragon Kick,320,1.0,37710,12600,25600,6300,16800,36340,7500,31200,5400,24300,0,23670,18900,8320
731090,731622,Auto,90,1.0,37800,12600,25600,6300,16800,36340,7500,31200,5400,24300,0,23670,18900,8320
730625,732045,The Forbidden Chakra,82,0.2054,37800,12600,25600,6300,16800,36340,7500,31200,5400,24300,0,23752,18900,8320
731915,732315,Phantom Rush,1500,1.0,37800,12600,25600,6300,16800,36340,9000,31200,5400,24300,0,23752,18900,8320
731205,732625,The Forbidden Chakra,32,0.0812,37800,12600,25600,6300,16800,36340,9000,31200,5400,24300,0,23784,18900,8320
733130,733662,Auto,90,1.0,37890,12600,25600,6300,16800,36340,9000,31200,5400,24300,0,23784,18900,8320
732535,733955,The Forbidden Chakra,222,0.5571,37890,12600,25600,6300,16800,36340,9000,31200,5400,24300,0,24006,18900,8320
733185,734605,The Forbidden Chakra,14,0.0365,37890,12600,25600,6300,16800,36340,9000,31200,5400,24300,0,24020,18900,8320
733856,735276,Fire's Reply,1400,1.0,37890,12600,25600,6300,18200,36340,9000,31200,5400,24300,0,24020,18900,8320
735170,735702,Auto,90,1.0,37980,12600,25600,6300,18200,36340,9000,31200,5400,24300,0,24020,18900,8320
734506,735926,The Forbidden Chakra,111,0.278,37980,12600,25600,6300,18200,36340,9000,31200,5400,24300,0,24131,18900,8320
735796,736416,Leaping Opo,460,1.0,37980,12600,25600,6300,18200,36800,9000,31200,5400,24300,0,24131,18900,8320
735086,736506,The Forbidden Chakra,16,0.041,37980,12600,25600,6300,18200,36800,9000,31200,5400,24300,0,24147,18900,8320
737210,737742,Auto,90,1.0,38070,12600,25600,6300,18200,36800,9000,31200,5400,24300,0,24147,18900,8320
737066,738486,The Forbidden Chakra,336,0.8424,38070,12600,25600,6300,18200,36800,9000,31200,5400,24300,0,24483,18900,8320
738230,738762,Auto,90,1.0,38160,12600,25600,6300,18200,36800,9000,31200,5400,24300,0,24483,18900,8320
737736,738936,Wind's Reply,1040,1.0,38160,12600,25600,6300,18200,36800,9000,31200,5400,24300,0,24483,18900,9360
738356,739776,The Forbidden Chakra,78,0.197,38160,12600,25600,6300,18200,36800,9000,31200,5400,24300,0,24561,18900,9360
739250,739782,Auto,90,1.0,38250,12600,25600,6300,18200,36800,9000,31200,5400,24300,0,24561,18900,9360
740270,740802,Auto,90,1.0,38340,12600,25600,6300,18200,36800,9000,31200,5400,24300,0,24561,18900,9360
739676,740966,Dragon Kick,320,1.0,38340,12600,25920,6300,18200,36800,9000,31200,5400,24300,0,24561,18900,9360
740326,741746,The Forbidden Chakra,203,0.5099,38340,12600,25920,6300,18200,36800,9000,31200,5400,24300,0,24764,18900,9360
741290,741822,Auto,90,1.0,38430,12600,25920,6300,18200,36800,9000,31200,5400,24300,0,24764,18900,9360
741616,742236,Leaping Opo,460,1.0,38430,12600,25920,6300,18200,37260,9000,31200,5400,24300,0,24764,18900,9360
740906,742326,The Forbidden Chakra,80,0.2008,38430,12600,25920,6300,18200,37260,9000,31200,5400,24300,0,24844,18900,9360
742310,742842,Auto,90,1.0,38520,12600,25920,6300,18200,37260,9000,31200,5400,24300,0,24844,18900,9360
742236,743656,The Forbidden Chakra,273,0.6829,38520,12600,25920,6300,18200,37260,9000,31200,5400,24300,0,25117,18900,9360
743330,743862,Auto,90,1.0,38610,12600,25920,6300,18200,37260,9000,31200,5400,24300,0,25117,18900,9360
742886,744306,The Forbidden Chakra,15,0.039,38610,12600,25920,6300,18200,37260,9000,31200,5400,24300,0,25132,18900,9360
743556,744846,Dragon Kick,320,1.0,38610,12600,26240,6300,18200,37260,9000,31200,5400,24300,0,25132,18900,9360
744350,744882,Auto,90,1.0,38700,12600,26240,6300,18200,37260,9000,31200,5400,24300,0,25132,18900,9360
744176,745596,The Forbidden Chakra,128,0.3216,38700,12600,26240,6300,18200,37260,9000,31200,5400,24300,0,25260,18900,9360
745370,745902,Auto,90,1.0,38790,12600,26240,6300,18200,37260,9000,31200,5400,24300,0,25260,18900,9360
744826,746246,The Forbidden Chakra,0,0.0001,38790,12600,26240,6300,18200,37260,9000,31200,5400,24300,0,25260,18900,9360
745496,746916,Elixir Burst,900,1.0,38790,12600,26240,7200,18200,37260,9000,31200,5400,24300,0,25260,18900,9360
746390,746922,Auto,90,1.0,38880,12600,26240,7200,18200,37260,9000,31200,5400,24300,0,25260,18900,9360
746146,747566,The Forbidden Chakra,209,0.5235,38880,12600,26240,7200,18200,37260,9000,31200,5400,24300,0,25469,18900,9360
747410,747942,Auto,90,1.0,38970,12600,26240,7200,18200,37260,9000,31200,5400,24300,0,25469,18900,9360
747436,748056,Leaping Opo,460,1.0,38970,12600,26240,7200,18200,37720,9000,31200,5400,24300,0,25469,18900,9360
746726,748146,The Forbidden Chakra,17,0.0427,38970,12600,26240,7200,18200,37720,9000,31200,5400,24300,0,25486,18900,9360
748430,748962,Auto,90,1.0,39060,12600,26240,7200,18200,37720,9000,31200,5400,24300,0,25486,18900,9360
748056,749476,The Forbidden Chakra,160,0.4019,39060,12600,26240,7200,18200,37720,9000,31200,5400,24300,0,25646,18900,9360
749450,749982,Auto,90,1.0,39150,12600,26240,7200,18200,37720,9000,31200,5400,24300,0,25646,18900,9360
749376,749996,Six-sided Star,189,0.2011,39150,12600,26240,7200,18200,37720,9000,31200,5400,24300,189,25646,18900,9360
749376,749996,Six-sided Star,313,0.4019,39150,12600,26240,7200,18200,37720,9000,31200,5400,24300,502,25646,18900,9360
749376,749996,Six-sided Star,217,0.1976,39150,12600,26240,7200,18200,37720,9000,31200,5400,24300,719,25646,18900,9360
749376,749996,Six-sided Star,203,0.1994,39150,12600,26240,7200,18200,37720,9000,31200,5400,24300,922,25646,18900,9360
